Since the F10.7 (3-month avg) of the requested date is not yet available, the value of F10.7 (daily) is used instead as the value of F10.7 (3-monthavg).
Year Mon Day DOY hour Heit(km) Lat  Lon Oden(cm-3) N2den(cm-3) O2den(cm-3) air(gm/cm3) T(K) exoT(K) Heden(cm-3)Arden(cm-3) Hden(cm-3) Nden(cm-3) F107 F107a apdaily  ap0-3 ap3-6 ap6-9 ap9-12 ap12-33 ap33-59
2023 12  1 335 12.00    0.0   56.0   44.0  9.999E-38  2.071E+19  5.554E+18 1.275E-03  273.8  1120  1.379E+14  2.475E+17  9.999E-38  9.999E-38  166.6  166.6   49.2   67.0  111.0   27.0   22.0    7.5    4.4
2023 12  1 335 12.00    2.0   56.0   44.0  9.999E-38  1.664E+19  4.463E+18 1.025E-03  264.2  1120  1.108E+14  1.989E+17  9.999E-38  9.999E-38  166.6  166.6   49.2   67.0  111.0   27.0   22.0    7.5    4.4
2023 12  1 335 12.00    4.0   56.0   44.0  9.999E-38  1.330E+19  3.566E+18 8.186E-04  254.1  1120  8.856E+13  1.589E+17  9.999E-38  9.999E-38  166.6  166.6   49.2   67.0  111.0   27.0   22.0    7.5    4.4
2023 12  1 335 12.00    6.0   56.0   44.0  9.999E-38  1.067E+19  2.861E+18 6.568E-04  240.3  1120  7.105E+13  1.275E+17  9.999E-38  9.999E-38  166.6  166.6   49.2   67.0  111.0   27.0   22.0    7.5    4.4
2023 12  1 335 12.00    8.0   56.0   44.0  9.999E-38  8.478E+18  2.273E+18 5.219E-04  225.6  1120  5.646E+13  1.013E+17  9.999E-38  9.999E-38  166.6  166.6   49.2   67.0  111.0   27.0   22.0    7.5    4.4
2023 12  1 335 12.00   10.0   56.0   44.0  9.999E-38  6.510E+18  1.746E+18 4.007E-04  215.4  1120  4.335E+13  7.780E+16  9.999E-38  9.999E-38  166.6  166.6   49.2   67.0  111.0   27.0   22.0    7.5    4.4
2023 12  1 335 12.00   12.0   56.0   44.0  9.999E-38  4.798E+18  1.287E+18 2.953E-04  212.4  1120  3.195E+13  5.734E+16  9.999E-38  9.999E-38  166.6  166.6   49.2   67.0  111.0   27.0   22.0    7.5    4.4
2023 12  1 335 12.00   14.0   56.0   44.0  9.999E-38  3.473E+18  9.312E+17 2.138E-04  213.0  1120  2.313E+13  4.150E+16  9.999E-38  9.999E-38  166.6  166.6   49.2   67.0  111.0   27.0   22.0    7.5    4.4
2023 12  1 335 12.00   16.0   56.0   44.0  9.999E-38  2.524E+18  6.770E+17 1.554E-04  212.9  1120  1.681E+13  3.017E+16  9.999E-38  9.999E-38  166.6  166.6   49.2   67.0  111.0   27.0   22.0    7.5    4.4
2023 12  1 335 12.00   18.0   56.0   44.0  9.999E-38  1.850E+18  4.960E+17 1.139E-04  210.8  1120  1.232E+13  2.211E+16  9.999E-38  9.999E-38  166.6  166.6   49.2   67.0  111.0   27.0   22.0    7.5    4.4
2023 12  1 335 12.00   20.0   56.0   44.0  9.999E-38  1.352E+18  3.626E+17 8.325E-05  208.4  1120  9.006E+12  1.616E+16  9.999E-38  9.999E-38  166.6  166.6   49.2   67.0  111.0   27.0   22.0    7.5    4.4
2023 12  1 335 12.00   22.0   56.0   44.0  9.999E-38  9.806E+17  2.630E+17 6.036E-05  207.3  1120  6.530E+12  1.172E+16  9.999E-38  9.999E-38  166.6  166.6   49.2   67.0  111.0   27.0   22.0    7.5    4.4
2023 12  1 335 12.00   24.0   56.0   44.0  9.999E-38  7.065E+17  1.895E+17 4.349E-05  207.3  1120  4.705E+12  8.444E+15  9.999E-38  9.999E-38  166.6  166.6   49.2   67.0  111.0   27.0   22.0    7.5    4.4
2023 12  1 335 12.00   26.0   56.0   44.0  9.999E-38  5.074E+17  1.361E+17 3.124E-05  208.1  1120  3.379E+12  6.064E+15  9.999E-38  9.999E-38  166.6  166.6   49.2   67.0  111.0   27.0   22.0    7.5    4.4
2023 12  1 335 12.00   28.0   56.0   44.0  9.999E-38  3.637E+17  9.754E+16 2.239E-05  209.9  1120  2.422E+12  4.347E+15  9.999E-38  9.999E-38  166.6  166.6   49.2   67.0  111.0   27.0   22.0    7.5    4.4
2023 12  1 335 12.00   30.0   56.0   44.0  9.999E-38  2.602E+17  6.977E+16 1.602E-05  212.9  1120  1.733E+12  3.109E+15  9.999E-38  9.999E-38  166.6  166.6   49.2   67.0  111.0   27.0   22.0    7.5    4.4
2023 12  1 335 12.00   32.0   56.0   44.0  9.999E-38  1.858E+17  4.984E+16 1.144E-05  217.5  1120  1.238E+12  2.221E+15  9.999E-38  9.999E-38  166.6  166.6   49.2   67.0  111.0   27.0   22.0    7.5    4.4
2023 12  1 335 12.00   34.0   56.0   44.0  9.999E-38  1.331E+17  3.570E+16 8.195E-06  223.3  1120  8.866E+11  1.591E+15  9.999E-38  9.999E-38  166.6  166.6   49.2   67.0  111.0   27.0   22.0    7.5    4.4
2023 12  1 335 12.00   36.0   56.0   44.0  9.999E-38  9.605E+16  2.576E+16 5.913E-06  229.6  1120  6.397E+11  1.148E+15  9.999E-38  9.999E-38  166.6  166.6   49.2   67.0  111.0   27.0   22.0    7.5    4.4
2023 12  1 335 12.00   38.0   56.0   44.0  9.999E-38  6.993E+16  1.875E+16 4.305E-06  235.8  1120  4.657E+11  8.357E+14  9.999E-38  9.999E-38  166.6  166.6   49.2   67.0  111.0   27.0   22.0    7.5    4.4
2023 12  1 335 12.00   40.0   56.0   44.0  9.999E-38  5.132E+16  1.376E+16 3.159E-06  242.2  1120  3.418E+11  6.134E+14  9.999E-38  9.999E-38  166.6  166.6   49.2   67.0  111.0   27.0   22.0    7.5    4.4
2023 12  1 335 12.00   42.0   56.0   44.0  9.999E-38  3.797E+16  1.018E+16 2.337E-06  248.7  1120  2.528E+11  4.537E+14  9.999E-38  9.999E-38  166.6  166.6   49.2   67.0  111.0   27.0   22.0    7.5    4.4
2023 12  1 335 12.00   44.0   56.0   44.0  9.999E-38  2.838E+16  7.609E+15 1.747E-06  254.5  1120  1.890E+11  3.391E+14  9.999E-38  9.999E-38  166.6  166.6   49.2   67.0  111.0   27.0   22.0    7.5    4.4
2023 12  1 335 12.00   46.0   56.0   44.0  9.999E-38  2.149E+16  5.762E+15 1.323E-06  258.4  1120  1.431E+11  2.568E+14  9.999E-38  9.999E-38  166.6  166.6   49.2   67.0  111.0   27.0   22.0    7.5    4.4
2023 12  1 335 12.00   48.0   56.0   44.0  9.999E-38  1.647E+16  4.416E+15 1.014E-06  260.0  1120  1.097E+11  1.968E+14  9.999E-38  9.999E-38  166.6  166.6   49.2   67.0  111.0   27.0   22.0    7.5    4.4
2023 12  1 335 12.00   50.0   56.0   44.0  9.999E-38  1.271E+16  3.407E+15 7.821E-07  260.1  1120  8.461E+10  1.518E+14  9.999E-38  9.999E-38  166.6  166.6   49.2   67.0  111.0   27.0   22.0    7.5    4.4
2023 12  1 335 12.00   52.0   56.0   44.0  4.444E+09  9.823E+15  2.634E+15 6.047E-07  259.6  1120  6.542E+10  1.174E+14  9.999E-38  9.999E-38  166.6  166.6   49.2   67.0  111.0   27.0   22.0    7.5    4.4
2023 12  1 335 12.00   54.0   56.0   44.0  5.248E+09  7.610E+15  2.041E+15 4.685E-07  258.5  1120  5.068E+10  9.095E+13  9.999E-38  9.999E-38  166.6  166.6   49.2   67.0  111.0   27.0   22.0    7.5    4.4
2023 12  1 335 12.00   56.0   56.0   44.0  6.012E+09  5.914E+15  1.586E+15 3.640E-07  256.3  1120  3.938E+10  7.068E+13  9.999E-38  9.999E-38  166.6  166.6   49.2   67.0  111.0   27.0   22.0    7.5    4.4
2023 12  1 335 12.00   58.0   56.0   44.0  6.914E+09  4.605E+15  1.235E+15 2.835E-07  252.7  1120  3.067E+10  5.504E+13  9.999E-38  9.999E-38  166.6  166.6   49.2   67.0  111.0   27.0   22.0    7.5    4.4
2023 12  1 335 12.00   60.0   56.0   44.0  7.928E+09  3.582E+15  9.606E+14 2.205E-07  248.6  1120  2.386E+10  4.281E+13  9.999E-38  9.999E-38  166.6  166.6   49.2   67.0  111.0   27.0   22.0    7.5    4.4
2023 12  1 335 12.00   62.0   56.0   44.0  8.971E+09  2.777E+15  7.446E+14 1.709E-07  244.2  1120  1.849E+10  3.319E+13  9.999E-38  9.999E-38  166.6  166.6   49.2   67.0  111.0   27.0   22.0    7.5    4.4
2023 12  1 335 12.00   64.0   56.0   44.0  9.981E+09  2.144E+15  5.750E+14 1.320E-07  239.7  1120  1.428E+10  2.563E+13  9.999E-38  9.999E-38  166.6  166.6   49.2   67.0  111.0   27.0   22.0    7.5    4.4
2023 12  1 335 12.00   66.0   56.0   44.0  1.091E+10  1.650E+15  4.425E+14 1.016E-07  234.9  1120  1.099E+10  1.972E+13  9.999E-38  9.999E-38  166.6  166.6   49.2   67.0  111.0   27.0   22.0    7.5    4.4
2023 12  1 335 12.00   68.0   56.0   44.0  1.163E+10  1.265E+15  3.393E+14 7.789E-08  229.6  1120  8.426E+09  1.512E+13  9.999E-38  9.999E-38  166.6  166.6   49.2   67.0  111.0   27.0   22.0    7.5    4.4
2023 12  1 335 12.00   70.0   56.0   44.0  1.181E+10  9.651E+14  2.588E+14 5.941E-08  224.0  1120  6.427E+09  1.153E+13  9.999E-38  9.999E-38  166.6  166.6   49.2   67.0  111.0   27.0   22.0    7.5    4.4
2023 12  1 335 12.00   72.0   56.0   44.0  1.120E+10  7.313E+14  1.961E+14 4.502E-08  218.6  1120  4.870E+09  8.739E+12  9.999E-38  9.999E-38  166.6  166.6   49.2   67.0  111.0   27.0   22.0    7.5    4.4
2023 12  1 335 12.00   74.0   56.0   44.0  1.071E+10  5.487E+14  1.471E+14 3.378E-08  213.8  1120  3.654E+09  6.558E+12  9.999E-38  9.999E-38  166.6  166.6   49.2   67.0  111.0   27.0   22.0    7.5    4.4
2023 12  1 335 12.00   76.0   56.0   44.0  1.189E+10  4.066E+14  1.090E+14 2.503E-08  210.5  1120  2.708E+09  4.859E+12  7.419E+07  9.999E-38  166.6  166.6   49.2   67.0  111.0   27.0   22.0    7.5    4.4
2023 12  1 335 12.00   78.0   56.0   44.0  1.701E+10  2.976E+14  7.980E+13 1.832E-08  209.2  1120  1.989E+09  3.557E+12  1.113E+08  9.999E-38  166.6  166.6   49.2   67.0  111.0   27.0   22.0    7.5    4.4
2023 12  1 335 12.00   80.0   56.0   44.0  3.079E+10  2.165E+14  5.806E+13 1.333E-08  208.9  1120  1.462E+09  2.587E+12  1.184E+08  9.999E-38  166.6  166.6   49.2   67.0  111.0   27.0   22.0    7.5    4.4
2023 12  1 335 12.00   82.0   56.0   44.0  6.739E+10  1.574E+14  4.220E+13 9.690E-09  208.9  1120  1.081E+09  1.881E+12  1.062E+08  9.999E-38  166.6  166.6   49.2   67.0  111.0   27.0   22.0    7.5    4.4
2023 12  1 335 12.00   84.0   56.0   44.0  1.532E+11  1.146E+14  3.074E+13 7.061E-09  208.4  1120  8.058E+08  1.370E+12  8.767E+07  9.999E-38  166.6  166.6   49.2   67.0  111.0   27.0   22.0    7.5    4.4
2023 12  1 335 12.00   86.0   56.0   44.0  2.813E+11  8.375E+13  2.245E+13 5.162E-09  207.0  1120  6.067E+08  1.000E+12  6.984E+07  9.999E-38  166.6  166.6   49.2   67.0  111.0   27.0   22.0    7.5    4.4
2023 12  1 335 12.00   88.0   56.0   44.0  3.956E+11  6.133E+13  1.641E+13 3.784E-09  204.6  1120  4.644E+08  7.301E+11  5.559E+07  9.999E-38  166.6  166.6   49.2   67.0  111.0   27.0   22.0    7.5    4.4
2023 12  1 335 12.00   90.0   56.0   44.0  4.969E+11  4.491E+13  1.198E+13 2.774E-09  201.3  1120  3.638E+08  5.309E+11  4.467E+07  9.999E-38  166.6  166.6   49.2   67.0  111.0   27.0   22.0    7.5    4.4
2023 12  1 335 12.00   92.0   56.0   44.0  5.682E+11  3.280E+13  8.704E+12 2.029E-09  197.5  1120  2.912E+08  3.835E+11  3.631E+07  9.310E+04  166.6  166.6   49.2   67.0  111.0   27.0   22.0    7.5    4.4
2023 12  1 335 12.00   94.0   56.0   44.0  6.013E+11  2.384E+13  6.275E+12 1.476E-09  193.5  1120  2.381E+08  2.744E+11  2.985E+07  1.344E+05  166.6  166.6   49.2   67.0  111.0   27.0   22.0    7.5    4.4
2023 12  1 335 12.00   96.0   56.0   44.0  5.993E+11  1.719E+13  4.469E+12 1.066E-09  189.7  1120  1.987E+08  1.933E+11  2.465E+07  1.852E+05  166.6  166.6   49.2   67.0  111.0   27.0   22.0    7.5    4.4
2023 12  1 335 12.00   98.0   56.0   44.0  5.730E+11  1.227E+13  3.128E+12 7.611E-10  186.9  1120  1.687E+08  1.329E+11  2.029E+07  2.471E+05  166.6  166.6   49.2   67.0  111.0   27.0   22.0    7.5    4.4
2023 12  1 335 12.00  100.0   56.0   44.0  5.301E+11  8.647E+12  2.144E+12 5.362E-10  185.9  1120  1.453E+08  8.895E+10  1.660E+07  3.216E+05  166.6  166.6   49.2   67.0  111.0   27.0   22.0    7.5    4.4
2023 12  1 335 12.00  102.0   56.0   44.0  4.747E+11  6.014E+12  1.440E+12 3.727E-10  187.6  1120  1.266E+08  5.793E+10  1.348E+07  4.107E+05  166.6  166.6   49.2   67.0  111.0   27.0   22.0    7.5    4.4
2023 12  1 335 12.00  104.0   56.0   44.0  4.103E+11  4.133E+12  9.471E+11 2.559E-10  193.2  1120  1.112E+08  3.679E+10  1.085E+07  5.163E+05  166.6  166.6   49.2   67.0  111.0   27.0   22.0    7.5    4.4
2023 12  1 335 12.00  106.0   56.0   44.0  3.414E+11  2.814E+12  6.132E+11 1.741E-10  204.0  1120  9.800E+07  2.297E+10  8.641E+06  6.364E+05  166.6  166.6   49.2   67.0  111.0   27.0   22.0    7.5    4.4
2023 12  1 335 12.00  108.0   56.0   44.0  2.764E+11  1.914E+12  3.948E+11 1.183E-10  220.6  1120  8.642E+07  1.428E+10  6.825E+06  7.725E+05  166.6  166.6   49.2   67.0  111.0   27.0   22.0    7.5    4.4
2023 12  1 335 12.00  110.0   56.0   44.0  2.204E+11  1.311E+12  2.554E+11 8.101E-11  243.2  1120  7.575E+07  8.941E+09  5.328E+06  9.284E+05  166.6  166.6   49.2   67.0  111.0   27.0   22.0    7.5    4.4
2023 12  1 335 12.00  112.0   56.0   44.0  1.750E+11  9.109E+11  1.674E+11 5.629E-11  271.9  1120  6.622E+07  5.688E+09  4.133E+06  1.110E+06  166.6  166.6   49.2   67.0  111.0   27.0   22.0    7.5    4.4
2023 12  1 335 12.00  114.0   56.0   44.0  1.397E+11  6.467E+11  1.121E+11 4.000E-11  305.9  1120  5.810E+07  3.710E+09  3.213E+06  1.325E+06  166.6  166.6   49.2   67.0  111.0   27.0   22.0    7.5    4.4
2023 12  1 335 12.00  116.0   56.0   44.0  1.135E+11  4.733E+11  7.744E+10 2.931E-11  342.4  1120  5.166E+07  2.503E+09  2.532E+06  1.594E+06  166.6  166.6   49.2   67.0  111.0   27.0   22.0    7.5    4.4
2023 12  1 335 12.00  118.0   56.0   44.0  9.401E+10  3.575E+11  5.526E+10 2.218E-11  379.1  1120  4.670E+07  1.748E+09  2.033E+06  1.932E+06  166.6  166.6   49.2   67.0  111.0   27.0   22.0    7.5    4.4
2023 12  1 335 12.00  120.0   56.0   44.0  7.941E+10  2.777E+11  4.061E+10 1.727E-11  414.8  1120  4.279E+07  1.259E+09  1.664E+06  2.354E+06  166.6  166.6   49.2   67.0  111.0   27.0   22.0    7.5    4.4
2023 12  1 335 12.00  122.0   56.0   44.0  6.828E+10  2.212E+11  3.064E+10 1.379E-11  448.8  1120  3.971E+07  9.323E+08  1.385E+06  2.876E+06  166.6  166.6   49.2   67.0  111.0   27.0   22.0    7.5    4.4
2023 12  1 335 12.00  124.0   56.0   44.0  5.962E+10  1.799E+11  2.365E+10 1.126E-11  480.5  1120  3.725E+07  7.067E+08  1.169E+06  3.515E+06  166.6  166.6   49.2   67.0  111.0   27.0   22.0    7.5    4.4
2023 12  1 335 12.00  126.0   56.0   44.0  5.262E+10  1.488E+11  1.859E+10 9.346E-12  510.4  1120  3.524E+07  5.463E+08  9.986E+05  4.276E+06  166.6  166.6   49.2   67.0  111.0   27.0   22.0    7.5    4.4
2023 12  1 335 12.00  128.0   56.0   44.0  4.685E+10  1.248E+11  1.483E+10 7.866E-12  538.9  1120  3.354E+07  4.291E+08  8.612E+05  5.168E+06  166.6  166.6   49.2   67.0  111.0   27.0   22.0    7.5    4.4
2023 12  1 335 12.00  130.0   56.0   44.0  4.201E+10  1.058E+11  1.199E+10 6.700E-12  566.1  1120  3.210E+07  3.417E+08  7.489E+05  6.202E+06  166.6  166.6   49.2   67.0  111.0   27.0   22.0    7.5    4.4
2023 12  1 335 12.00  132.0   56.0   44.0  3.792E+10  9.066E+10  9.803E+09 5.764E-12  591.9  1120  3.086E+07  2.754E+08  6.561E+05  7.388E+06  166.6  166.6   49.2   67.0  111.0   27.0   22.0    7.5    4.4
2023 12  1 335 12.00  134.0   56.0   44.0  3.442E+10  7.833E+10  8.095E+09 5.004E-12  616.5  1120  2.978E+07  2.243E+08  5.786E+05  8.735E+06  166.6  166.6   49.2   67.0  111.0   27.0   22.0    7.5    4.4
2023 12  1 335 12.00  136.0   56.0   44.0  3.141E+10  6.819E+10  6.744E+09 4.377E-12  640.0  1120  2.884E+07  1.843E+08  5.134E+05  1.025E+07  166.6  166.6   49.2   67.0  111.0   27.0   22.0    7.5    4.4
2023 12  1 335 12.00  138.0   56.0   44.0  2.880E+10  5.976E+10  5.664E+09 3.856E-12  662.4  1120  2.801E+07  1.527E+08  4.580E+05  1.194E+07  166.6  166.6   49.2   67.0  111.0   27.0   22.0    7.5    4.4
2023 12  1 335 12.00  140.0   56.0   44.0  2.651E+10  5.268E+10  4.791E+09 3.419E-12  683.7  1120  2.728E+07  1.275E+08  4.106E+05  1.381E+07  166.6  166.6   49.2   67.0  111.0   27.0   22.0    7.5    4.4
2023 12  1 335 12.00  142.0   56.0   44.0  2.451E+10  4.669E+10  4.081E+09 3.047E-12  704.0  1120  2.663E+07  1.071E+08  3.698E+05  1.586E+07  166.6  166.6   49.2   67.0  111.0   27.0   22.0    7.5    4.4
2023 12  1 335 12.00  144.0   56.0   44.0  2.273E+10  4.158E+10  3.496E+09 2.730E-12  723.3  1120  2.604E+07  9.056E+07  3.345E+05  1.808E+07  166.6  166.6   49.2   67.0  111.0   27.0   22.0    7.5    4.4
2023 12  1 335 12.00  146.0   56.0   44.0  2.114E+10  3.719E+10  3.013E+09 2.457E-12  741.7  1120  2.551E+07  7.702E+07  3.038E+05  2.047E+07  166.6  166.6   49.2   67.0  111.0   27.0   22.0    7.5    4.4
2023 12  1 335 12.00  148.0   56.0   44.0  1.972E+10  3.339E+10  2.609E+09 2.221E-12  759.3  1120  2.503E+07  6.586E+07  2.769E+05  2.300E+07  166.6  166.6   49.2   67.0  111.0   27.0   22.0    7.5    4.4
2023 12  1 335 12.00  150.0   56.0   44.0  1.844E+10  3.009E+10  2.271E+09 2.015E-12  776.1  1120  2.460E+07  5.659E+07  2.534E+05  2.565E+07  166.6  166.6   49.2   67.0  111.0   27.0   22.0    7.5    4.4
2023 12  1 335 12.00  152.0   56.0   44.0  1.727E+10  2.720E+10  1.985E+09 1.834E-12  792.0  1120  2.420E+07  4.884E+07  2.326E+05  2.841E+07  166.6  166.6   49.2   67.0  111.0   27.0   22.0    7.5    4.4
2023 12  1 335 12.00  154.0   56.0   44.0  1.622E+10  2.466E+10  1.743E+09 1.674E-12  807.2  1120  2.383E+07  4.234E+07  2.143E+05  3.124E+07  166.6  166.6   49.2   67.0  111.0   27.0   22.0    7.5    4.4
2023 12  1 335 12.00  156.0   56.0   44.0  1.526E+10  2.242E+10  1.536E+09 1.533E-12  821.7  1120  2.350E+07  3.684E+07  1.981E+05  3.413E+07  166.6  166.6   49.2   67.0  111.0   27.0   22.0    7.5    4.4
2023 12  1 335 12.00  158.0   56.0   44.0  1.438E+10  2.044E+10  1.359E+09 1.408E-12  835.5  1120  2.318E+07  3.217E+07  1.837E+05  3.703E+07  166.6  166.6   49.2   67.0  111.0   27.0   22.0    7.5    4.4
2023 12  1 335 12.00  160.0   56.0   44.0  1.357E+10  1.867E+10  1.206E+09 1.296E-12  848.7  1120  2.289E+07  2.819E+07  1.708E+05  3.992E+07  166.6  166.6   49.2   67.0  111.0   27.0   22.0    7.5    4.4
2023 12  1 335 12.00  162.0   56.0   44.0  1.283E+10  1.709E+10  1.074E+09 1.196E-12  861.2  1120  2.261E+07  2.478E+07  1.593E+05  4.276E+07  166.6  166.6   49.2   67.0  111.0   27.0   22.0    7.5    4.4
2023 12  1 335 12.00  164.0   56.0   44.0  1.214E+10  1.568E+10  9.598E+08 1.106E-12  873.2  1120  2.235E+07  2.185E+07  1.491E+05  4.552E+07  166.6  166.6   49.2   67.0  111.0   27.0   22.0    7.5    4.4
2023 12  1 335 12.00  166.0   56.0   44.0  1.151E+10  1.441E+10  8.599E+08 1.024E-12  884.6  1120  2.210E+07  1.932E+07  1.399E+05  4.816E+07  166.6  166.6   49.2   67.0  111.0   27.0   22.0    7.5    4.4
2023 12  1 335 12.00  168.0   56.0   44.0  1.092E+10  1.327E+10  7.726E+08 9.508E-13  895.4  1120  2.186E+07  1.712E+07  1.316E+05  5.067E+07  166.6  166.6   49.2   67.0  111.0   27.0   22.0    7.5    4.4
2023 12  1 335 12.00  170.0   56.0   44.0  1.038E+10  1.223E+10  6.960E+08 8.841E-13  905.8  1120  2.164E+07  1.521E+07  1.242E+05  5.302E+07  166.6  166.6   49.2   67.0  111.0   27.0   22.0    7.5    4.4
2023 12  1 335 12.00  172.0   56.0   44.0  9.873E+09  1.129E+10  6.285E+08 8.234E-13  915.7  1120  2.142E+07  1.355E+07  1.175E+05  5.518E+07  166.6  166.6   49.2   67.0  111.0   27.0   22.0    7.5    4.4
2023 12  1 335 12.00  174.0   56.0   44.0  9.401E+09  1.044E+10  5.689E+08 7.680E-13  925.1  1120  2.121E+07  1.209E+07  1.115E+05  5.715E+07  166.6  166.6   49.2   67.0  111.0   27.0   22.0    7.5    4.4
2023 12  1 335 12.00  176.0   56.0   44.0  8.960E+09  9.669E+09  5.160E+08 7.175E-13  934.0  1120  2.100E+07  1.082E+07  1.060E+05  5.890E+07  166.6  166.6   49.2   67.0  111.0   27.0   22.0    7.5    4.4
2023 12  1 335 12.00  178.0   56.0   44.0  8.548E+09  8.962E+09  4.690E+08 6.711E-13  942.6  1120  2.080E+07  9.691E+06  1.011E+05  6.043E+07  166.6  166.6   49.2   67.0  111.0   27.0   22.0    7.5    4.4
2023 12  1 335 12.00  180.0   56.0   44.0  8.161E+09  8.317E+09  4.272E+08 6.286E-13  950.7  1120  2.061E+07  8.699E+06  9.659E+04  6.173E+07  166.6  166.6   49.2   67.0  111.0   27.0   22.0    7.5    4.4
2023 12  1 335 12.00  182.0   56.0   44.0  7.798E+09  7.727E+09  3.898E+08 5.894E-13  958.5  1120  2.041E+07  7.822E+06  9.251E+04  6.282E+07  166.6  166.6   49.2   67.0  111.0   27.0   22.0    7.5    4.4
2023 12  1 335 12.00  184.0   56.0   44.0  7.457E+09  7.185E+09  3.562E+08 5.534E-13  965.9  1120  2.023E+07  7.045E+06  8.880E+04  6.368E+07  166.6  166.6   49.2   67.0  111.0   27.0   22.0    7.5    4.4
2023 12  1 335 12.00  186.0   56.0   44.0  7.136E+09  6.688E+09  3.261E+08 5.201E-13  973.0  1120  2.004E+07  6.354E+06  8.542E+04  6.432E+07  166.6  166.6   49.2   67.0  111.0   27.0   22.0    7.5    4.4
2023 12  1 335 12.00  188.0   56.0   44.0  6.833E+09  6.231E+09  2.990E+08 4.893E-13  979.7  1120  1.986E+07  5.739E+06  8.234E+04  6.476E+07  166.6  166.6   49.2   67.0  111.0   27.0   22.0    7.5    4.4
2023 12  1 335 12.00  190.0   56.0   44.0  6.547E+09  5.809E+09  2.745E+08 4.607E-13  986.2  1120  1.968E+07  5.190E+06  7.952E+04  6.500E+07  166.6  166.6   49.2   67.0  111.0   27.0   22.0    7.5    4.4
2023 12  1 335 12.00  192.0   56.0   44.0  6.277E+09  5.421E+09  2.524E+08 4.343E-13  992.3  1120  1.950E+07  4.700E+06  7.694E+04  6.506E+07  166.6  166.6   49.2   67.0  111.0   27.0   22.0    7.5    4.4
2023 12  1 335 12.00  194.0   56.0   44.0  6.021E+09  5.062E+09  2.324E+08 4.097E-13  998.1  1120  1.933E+07  4.261E+06  7.458E+04  6.495E+07  166.6  166.6   49.2   67.0  111.0   27.0   22.0    7.5    4.4
2023 12  1 335 12.00  196.0   56.0   44.0  5.778E+09  4.730E+09  2.142E+08 3.868E-13 1003.7  1120  1.915E+07  3.867E+06  7.241E+04  6.469E+07  166.6  166.6   49.2   67.0  111.0   27.0   22.0    7.5    4.4
2023 12  1 335 12.00  198.0   56.0   44.0  5.549E+09  4.423E+09  1.976E+08 3.655E-13 1009.0  1120  1.898E+07  3.513E+06  7.042E+04  6.428E+07  166.6  166.6   49.2   67.0  111.0   27.0   22.0    7.5    4.4
2023 12  1 335 12.00  200.0   56.0   44.0  5.330E+09  4.139E+09  1.825E+08 3.457E-13 1014.1  1120  1.881E+07  3.195E+06  6.859E+04  6.374E+07  166.6  166.6   49.2   67.0  111.0   27.0   22.0    7.5    4.4
2023 12  1 335 12.00  202.0   56.0   44.0  5.123E+09  3.875E+09  1.688E+08 3.271E-13 1018.9  1120  1.864E+07  2.908E+06  6.691E+04  6.309E+07  166.6  166.6   49.2   67.0  111.0   27.0   22.0    7.5    4.4
2023 12  1 335 12.00  204.0   56.0   44.0  4.926E+09  3.630E+09  1.562E+08 3.098E-13 1023.5  1120  1.847E+07  2.650E+06  6.536E+04  6.234E+07  166.6  166.6   49.2   67.0  111.0   27.0   22.0    7.5    4.4
2023 12  1 335 12.00  206.0   56.0   44.0  4.738E+09  3.402E+09  1.446E+08 2.935E-13 1027.9  1120  1.831E+07  2.416E+06  6.392E+04  6.150E+07  166.6  166.6   49.2   67.0  111.0   27.0   22.0    7.5    4.4
2023 12  1 335 12.00  208.0   56.0   44.0  4.560E+09  3.190E+09  1.341E+08 2.783E-13 1032.1  1120  1.814E+07  2.205E+06  6.260E+04  6.059E+07  166.6  166.6   49.2   67.0  111.0   27.0   22.0    7.5    4.4
2023 12  1 335 12.00  210.0   56.0   44.0  4.389E+09  2.993E+09  1.244E+08 2.641E-13 1036.1  1120  1.798E+07  2.013E+06  6.137E+04  5.961E+07  166.6  166.6   49.2   67.0  111.0   27.0   22.0    7.5    4.4
2023 12  1 335 12.00  212.0   56.0   44.0  4.226E+09  2.809E+09  1.155E+08 2.507E-13 1039.9  1120  1.782E+07  1.840E+06  6.024E+04  5.858E+07  166.6  166.6   49.2   67.0  111.0   27.0   22.0    7.5    4.4
2023 12  1 335 12.00  214.0   56.0   44.0  4.071E+09  2.638E+09  1.073E+08 2.381E-13 1043.6  1120  1.766E+07  1.682E+06  5.918E+04  5.750E+07  166.6  166.6   49.2   67.0  111.0   27.0   22.0    7.5    4.4
2023 12  1 335 12.00  216.0   56.0   44.0  3.923E+09  2.478E+09  9.973E+07 2.263E-13 1047.0  1120  1.750E+07  1.539E+06  5.821E+04  5.639E+07  166.6  166.6   49.2   67.0  111.0   27.0   22.0    7.5    4.4
2023 12  1 335 12.00  218.0   56.0   44.0  3.781E+09  2.329E+09  9.277E+07 2.152E-13 1050.4  1120  1.735E+07  1.409E+06  5.730E+04  5.525E+07  166.6  166.6   49.2   67.0  111.0   27.0   22.0    7.5    4.4
2023 12  1 335 12.00  220.0   56.0   44.0  3.645E+09  2.189E+09  8.633E+07 2.047E-13 1053.5  1120  1.719E+07  1.291E+06  5.645E+04  5.409E+07  166.6  166.6   49.2   67.0  111.0   27.0   22.0    7.5    4.4
2023 12  1 335 12.00  222.0   56.0   44.0  3.515E+09  2.059E+09  8.039E+07 1.948E-13 1056.5  1120  1.704E+07  1.183E+06  5.566E+04  5.291E+07  166.6  166.6   49.2   67.0  111.0   27.0   22.0    7.5    4.4
2023 12  1 335 12.00  224.0   56.0   44.0  3.391E+09  1.937E+09  7.490E+07 1.855E-13 1059.4  1120  1.689E+07  1.085E+06  5.493E+04  5.173E+07  166.6  166.6   49.2   67.0  111.0   27.0   22.0    7.5    4.4
2023 12  1 335 12.00  226.0   56.0   44.0  3.271E+09  1.823E+09  6.981E+07 1.768E-13 1062.1  1120  1.674E+07  9.950E+05  5.424E+04  5.054E+07  166.6  166.6   49.2   67.0  111.0   27.0   22.0    7.5    4.4
2023 12  1 335 12.00  228.0   56.0   44.0  3.157E+09  1.716E+09  6.510E+07 1.685E-13 1064.8  1120  1.659E+07  9.132E+05  5.360E+04  4.936E+07  166.6  166.6   49.2   67.0  111.0   27.0   22.0    7.5    4.4
2023 12  1 335 12.00  230.0   56.0   44.0  3.047E+09  1.616E+09  6.073E+07 1.606E-13 1067.2  1120  1.644E+07  8.385E+05  5.300E+04  4.818E+07  166.6  166.6   49.2   67.0  111.0   27.0   22.0    7.5    4.4
2023 12  1 335 12.00  232.0   56.0   44.0  2.942E+09  1.522E+09  5.668E+07 1.532E-13 1069.6  1120  1.630E+07  7.702E+05  5.243E+04  4.701E+07  166.6  166.6   49.2   67.0  111.0   27.0   22.0    7.5    4.4
2023 12  1 335 12.00  234.0   56.0   44.0  2.841E+09  1.434E+09  5.291E+07 1.462E-13 1071.9  1120  1.616E+07  7.077E+05  5.190E+04  4.584E+07  166.6  166.6   49.2   67.0  111.0   27.0   22.0    7.5    4.4
2023 12  1 335 12.00  236.0   56.0   44.0  2.744E+09  1.351E+09  4.942E+07 1.396E-13 1074.1  1120  1.601E+07  6.505E+05  5.141E+04  4.470E+07  166.6  166.6   49.2   67.0  111.0   27.0   22.0    7.5    4.4
2023 12  1 335 12.00  238.0   56.0   44.0  2.651E+09  1.273E+09  4.617E+07 1.333E-13 1076.1  1120  1.587E+07  5.982E+05  5.094E+04  4.357E+07  166.6  166.6   49.2   67.0  111.0   27.0   22.0    7.5    4.4
2023 12  1 335 12.00  240.0   56.0   44.0  2.561E+09  1.201E+09  4.315E+07 1.273E-13 1078.1  1120  1.574E+07  5.502E+05  5.050E+04  4.245E+07  166.6  166.6   49.2   67.0  111.0   27.0   22.0    7.5    4.4
2023 12  1 335 12.00  242.0   56.0   44.0  2.475E+09  1.132E+09  4.034E+07 1.217E-13 1080.0  1120  1.560E+07  5.063E+05  5.008E+04  4.135E+07  166.6  166.6   49.2   67.0  111.0   27.0   22.0    7.5    4.4
2023 12  1 335 12.00  244.0   56.0   44.0  2.392E+09  1.068E+09  3.772E+07 1.163E-13 1081.8  1120  1.546E+07  4.660E+05  4.969E+04  4.028E+07  166.6  166.6   49.2   67.0  111.0   27.0   22.0    7.5    4.4
2023 12  1 335 12.00  246.0   56.0   44.0  2.312E+09  1.008E+09  3.528E+07 1.112E-13 1083.5  1120  1.533E+07  4.290E+05  4.932E+04  3.922E+07  166.6  166.6   49.2   67.0  111.0   27.0   22.0    7.5    4.4
2023 12  1 335 12.00  248.0   56.0   44.0  2.235E+09  9.507E+08  3.301E+07 1.064E-13 1085.1  1120  1.520E+07  3.951E+05  4.897E+04  3.819E+07  166.6  166.6   49.2   67.0  111.0   27.0   22.0    7.5    4.4
2023 12  1 335 12.00  250.0   56.0   44.0  2.161E+09  8.973E+08  3.089E+07 1.018E-13 1086.7  1120  1.506E+07  3.640E+05  4.864E+04  3.718E+07  166.6  166.6   49.2   67.0  111.0   27.0   22.0    7.5    4.4
2023 12  1 335 12.00  252.0   56.0   44.0  2.090E+09  8.470E+08  2.892E+07 9.743E-14 1088.2  1120  1.494E+07  3.354E+05  4.833E+04  3.619E+07  166.6  166.6   49.2   67.0  111.0   27.0   22.0    7.5    4.4
2023 12  1 335 12.00  254.0   56.0   44.0  2.021E+09  7.997E+08  2.707E+07 9.328E-14 1089.6  1120  1.481E+07  3.091E+05  4.803E+04  3.522E+07  166.6  166.6   49.2   67.0  111.0   27.0   22.0    7.5    4.4
2023 12  1 335 12.00  256.0   56.0   44.0  1.955E+09  7.551E+08  2.535E+07 8.933E-14 1091.0  1120  1.468E+07  2.849E+05  4.774E+04  3.428E+07  166.6  166.6   49.2   67.0  111.0   27.0   22.0    7.5    4.4
2023 12  1 335 12.00  258.0   56.0   44.0  1.891E+09  7.132E+08  2.375E+07 8.558E-14 1092.3  1120  1.456E+07  2.627E+05  4.747E+04  3.335E+07  166.6  166.6   49.2   67.0  111.0   27.0   22.0    7.5    4.4
2023 12  1 335 12.00  260.0   56.0   44.0  1.830E+09  6.737E+08  2.225E+07 8.200E-14 1093.5  1120  1.443E+07  2.423E+05  4.722E+04  3.245E+07  166.6  166.6   49.2   67.0  111.0   27.0   22.0    7.5    4.4
2023 12  1 335 12.00  262.0   56.0   44.0  1.771E+09  6.364E+08  2.085E+07 7.860E-14 1094.7  1120  1.431E+07  2.235E+05  4.697E+04  3.158E+07  166.6  166.6   49.2   67.0  111.0   27.0   22.0    7.5    4.4
2023 12  1 335 12.00  264.0   56.0   44.0  1.713E+09  6.013E+08  1.954E+07 7.536E-14 1095.8  1120  1.419E+07  2.062E+05  4.673E+04  3.072E+07  166.6  166.6   49.2   67.0  111.0   27.0   22.0    7.5    4.4
2023 12  1 335 12.00  266.0   56.0   44.0  1.658E+09  5.682E+08  1.831E+07 7.226E-14 1096.9  1120  1.407E+07  1.902E+05  4.651E+04  2.989E+07  166.6  166.6   49.2   67.0  111.0   27.0   22.0    7.5    4.4
2023 12  1 335 12.00  268.0   56.0   44.0  1.605E+09  5.371E+08  1.717E+07 6.932E-14 1097.9  1120  1.395E+07  1.756E+05  4.629E+04  2.908E+07  166.6  166.6   49.2   67.0  111.0   27.0   22.0    7.5    4.4
2023 12  1 335 12.00  270.0   56.0   44.0  1.554E+09  5.076E+08  1.610E+07 6.651E-14 1098.9  1120  1.383E+07  1.621E+05  4.609E+04  2.829E+07  166.6  166.6   49.2   67.0  111.0   27.0   22.0    7.5    4.4
2023 12  1 335 12.00  272.0   56.0   44.0  1.504E+09  4.799E+08  1.510E+07 6.382E-14 1099.8  1120  1.372E+07  1.496E+05  4.589E+04  2.752E+07  166.6  166.6   49.2   67.0  111.0   27.0   22.0    7.5    4.4
2023 12  1 335 12.00  274.0   56.0   44.0  1.456E+09  4.537E+08  1.416E+07 6.127E-14 1100.7  1120  1.360E+07  1.382E+05  4.570E+04  2.678E+07  166.6  166.6   49.2   67.0  111.0   27.0   22.0    7.5    4.4
2023 12  1 335 12.00  276.0   56.0   44.0  1.410E+09  4.290E+08  1.328E+07 5.882E-14 1101.6  1120  1.349E+07  1.276E+05  4.551E+04  2.605E+07  166.6  166.6   49.2   67.0  111.0   27.0   22.0    7.5    4.4
2023 12  1 335 12.00  278.0   56.0   44.0  1.365E+09  4.057E+08  1.246E+07 5.649E-14 1102.4  1120  1.338E+07  1.179E+05  4.534E+04  2.534E+07  166.6  166.6   49.2   67.0  111.0   27.0   22.0    7.5    4.4
2023 12  1 335 12.00  280.0   56.0   44.0  1.322E+09  3.837E+08  1.169E+07 5.426E-14 1103.2  1120  1.327E+07  1.089E+05  4.517E+04  2.465E+07  166.6  166.6   49.2   67.0  111.0   27.0   22.0    7.5    4.4
2023 12  1 335 12.00  282.0   56.0   44.0  1.280E+09  3.629E+08  1.097E+07 5.213E-14 1103.9  1120  1.316E+07  1.006E+05  4.500E+04  2.398E+07  166.6  166.6   49.2   67.0  111.0   27.0   22.0    7.5    4.4
2023 12  1 335 12.00  284.0   56.0   44.0  1.240E+09  3.433E+08  1.030E+07 5.009E-14 1104.6  1120  1.305E+07  9.296E+04  4.484E+04  2.333E+07  166.6  166.6   49.2   67.0  111.0   27.0   22.0    7.5    4.4
2023 12  1 335 12.00  286.0   56.0   44.0  1.201E+09  3.248E+08  9.666E+06 4.815E-14 1105.3  1120  1.295E+07  8.591E+04  4.468E+04  2.270E+07  166.6  166.6   49.2   67.0  111.0   27.0   22.0    7.5    4.4
2023 12  1 335 12.00  288.0   56.0   44.0  1.163E+09  3.073E+08  9.074E+06 4.629E-14 1105.9  1120  1.284E+07  7.940E+04  4.453E+04  2.208E+07  166.6  166.6   49.2   67.0  111.0   27.0   22.0    7.5    4.4
2023 12  1 335 12.00  290.0   56.0   44.0  1.127E+09  2.908E+08  8.519E+06 4.451E-14 1106.6  1120  1.274E+07  7.340E+04  4.439E+04  2.149E+07  166.6  166.6   49.2   67.0  111.0   27.0   22.0    7.5    4.4
2023 12  1 335 12.00  292.0   56.0   44.0  1.092E+09  2.752E+08  7.999E+06 4.280E-14 1107.1  1120  1.263E+07  6.786E+04  4.425E+04  2.090E+07  166.6  166.6   49.2   67.0  111.0   27.0   22.0    7.5    4.4
2023 12  1 335 12.00  294.0   56.0   44.0  1.058E+09  2.604E+08  7.511E+06 4.117E-14 1107.7  1120  1.253E+07  6.274E+04  4.411E+04  2.034E+07  166.6  166.6   49.2   67.0  111.0   27.0   22.0    7.5    4.4
2023 12  1 335 12.00  296.0   56.0   44.0  1.025E+09  2.465E+08  7.054E+06 3.961E-14 1108.2  1120  1.243E+07  5.802E+04  4.397E+04  1.979E+07  166.6  166.6   49.2   67.0  111.0   27.0   22.0    7.5    4.4
2023 12  1 335 12.00  298.0   56.0   44.0  9.928E+08  2.333E+08  6.625E+06 3.812E-14 1108.8  1120  1.233E+07  5.366E+04  4.384E+04  1.925E+07  166.6  166.6   49.2   67.0  111.0   27.0   22.0    7.5    4.4