


yyyy/mmdd(or -ddd)/hh.h):2020/-339/ 0.0UT  geog Lat/Long/Alt= 56.0/  44.0/ 100.0

NeQuick is used for topside Ne profile
URSI maps are used for the F2 peak density (NmF2)
foF2 STORM model is turned on 
Shubin2015model is used for F2 peak height (hmF2)
ABT-2009 option is used for the bottomside thickness parameter B0
Scotto-97 no L   option is used for the F1 occurrence probability
foE auroral storm model is turned off
IRI-1990   option is used for D-region
TBT-2012 with solar dependence is used for the electron temperature
RBV10+TBT15 option is used for ion composition
CGM coordinates not computed
auroral boundaries not computed

Peak Densities/cm-3: NmF2=  60180.7   NmF1=      0.0   NmE=   1792.4
Peak Heights/km:     hmF2=   278.57   hmF1=     0.00   hmE=   110.00

Solar Zenith Angle/degree                             132.4
Dip (Magnetic Inclination)/degree                      71.84
Modip (Modified Dip)/degree                            59.19
Solar Sunspot Number (12-months running mean) Rz12     10.3           
Ionospheric-Effective Solar Index IG12                  0.1           
Solar radio flux F10.7 (daily)                         93.0           
Solar radio flux F10.7 (81-day average)                83.4           

TEC [1.E16 m-2] is obtained by numerical integration in 1km steps
  from 50 to 2000.0 km. t is the percentage of TEC above the F peak.

-
   H   ELECTRON DENSITY   TEMPERATURES      ION PERCENTAGES[%]*10    1E16m-2
   km  Ne/cm-3 Ne/NmF2 Tn/K  Ti/K  Te/K  O+  N+  H+ He+ O2+ NO+ Clust TEC t/%
   0.0      -1 -1.000    -1    -1    -1  -1  -1  -1  -1  -1  -1  -1   1.5  78
  10.0      -1 -1.000    -1    -1    -1  -1  -1  -1  -1  -1  -1  -1   1.5  78
  20.0      -1 -1.000    -1    -1    -1  -1  -1  -1  -1  -1  -1  -1   1.5  78
  30.0      -1 -1.000    -1    -1    -1  -1  -1  -1  -1  -1  -1  -1   1.5  78
  40.0      -1 -1.000    -1    -1    -1  -1  -1  -1  -1  -1  -1  -1   1.5  78
  50.0      -1 -1.000    -1    -1    -1  -1  -1  -1  -1  -1  -1  -1   1.5  78
  60.0      -1 -1.000   241   241   241  -1  -1  -1  -1  -1  -1  -1   1.5  78
  70.0      -1 -1.000   228   228   228  -1  -1  -1  -1  -1  -1  -1   1.5  78
  80.0       1  0.000   222   222   222   0   0   0   0   0 1000  -1   1.5  78
  90.0     482  0.008   207   207   207   0   0   0   0   4 996  -1   1.5  78
 100.0    1741  0.029   182   182   182   0   0   0   0  23 977  -1   1.5  78
 110.0    1792  0.030   214   214   214   0   0   0   0  34 966  -1   1.5  78
 120.0     970  0.016   349   349   349   0   0   0   0  18 981  -1   1.5  78
 130.0     451  0.007   467   467   467   0   0   0   0   9 990  -1   1.5  78
 140.0     379  0.006   537   537   537   0   0   0   0  10 990  -1   1.5  78
 150.0     547  0.009   583   583   618   1   0   0   0  17 982  -1   1.5  78
 160.0     928  0.015   614   614   677   4   0   0   0  35 961  -1   1.5  78
 170.0    1428  0.024   634   634   720  11   0   0   0  65 924  -1   1.5  78
 180.0    2672  0.044   647   647   758  35   0   0   0 130 835  -1   1.5  78
 190.0    5316  0.088   656   656   796 105   0   0   0 220 675  -1   1.5  78
 200.0    9736  0.162   662   662   834 256   0   0   0 261 482  -1   1.5  78
 210.0   16274  0.270   666   683   872 484   0   0   0 214 301  -1   1.5  78
 220.0   24644  0.409   669   703   910 700   0   0   0 133 166  -1   1.5  78
 230.0   34069  0.566   671   723   948 842   0   0   0  71  86  -1   1.5  78
 240.0   43349  0.720   672   744   986 918   0   0   0  36  45  -1   1.5  78
 250.0   51211  0.851   673   764  1024 956   0   0   0  19  24  -1   1.5  78
 260.0   56717  0.942   673   784  1062 975   0   0   0  10  14  -1   1.5  78
 270.0   59562  0.990   674   805  1100 985   0   0   0   6   8  -1   1.5  78
 280.0   60172  1.000   674   825  1138 991   0   0   0   4   5  -1   1.5  78
 290.0   59645  0.991   674   845  1175 994   0   0   0   2   3  -1   1.5  78
 300.0   58400  0.970   674   866  1213 950  44   3   3   0   0  -1   1.5  78
 310.0   56577  0.940   674   886  1251 951  43   3   4   0   0  -1   1.5  78
 320.0   54320  0.903   674   906  1289 951  41   4   4   0   0  -1   1.5  78
 330.0   51762  0.860   674   927  1327 952  40   4   4   0   0  -1   1.5  78
 340.0   49018  0.815   674   947  1363 952  38   5   5   0   0  -1   1.5  78
 350.0   46185  0.767   674   967  1393 952  37   6   5   0   0  -1   1.5  78
 360.0   43341  0.720   674   988  1410 952  35   7   5   0   0  -1   1.5  78
 370.0   40545  0.674   674  1008  1420 952  34   8   6   0   0  -1   1.5  78
 380.0   37838  0.629   674  1028  1429 952  33  10   6   0   0  -1   1.5  78
 390.0   35251  0.586   674  1048  1438 951  31  11   7   0   0  -1   1.5  78
 400.0   32802  0.545   674  1068  1446 949  30  13   7   0   0  -1   1.5  78
 410.0   30500  0.507   674  1087  1455 948  29  15   8   0   0  -1   1.5  78
 420.0   28351  0.471   674  1104  1464 946  28  18   9   0   0  -1   1.5  78
 430.0   26352  0.438   674  1117  1472 943  27  21   9   0   0  -1   1.5  78
 440.0   24500  0.407   674  1126  1481 940  26  24  10   0   0  -1   1.5  78
 450.0   22789  0.379   674  1131  1490 936  25  28  11   0   0  -1   1.5  78
 460.0   21210  0.352   674  1135  1498 932  24  33  12   0   0  -1   1.5  78
 470.0   19756  0.328   674  1137  1507 926  23  38  13   0   0  -1   1.5  78
 480.0   18418  0.306   674  1139  1516 920  22  45  14   0   0  -1   1.5  78
 490.0   17187  0.286   674  1141  1524 912  21  52  15   0   0  -1   1.5  78
 500.0   16055  0.267   674  1143  1533 904  20  60  16   0   0  -1   1.5  78
 510.0   15014  0.249   674  1144  1542 893  20  70  17   0   0  -1   1.5  78
 520.0   14057  0.234   674  1146  1552 880  19  82  18   0   0  -1   1.5  78
 530.0   13175  0.219   674  1148  1565 865  19  96  20   0   0  -1   1.5  78
 540.0   12363  0.205   674  1150  1582 847  19 112  22   0   0  -1   1.5  78
 550.0   11615  0.193   674  1152  1609 825  19 132  24   0   0  -1   1.5  78
 560.0   10925  0.182   674  1153  1647 799  20 156  26   0   0  -1   1.5  78
 570.0   10288  0.171   674  1155  1694 767  21 183  28   0   0  -1   1.5  78
 580.0    9700  0.161   674  1157  1746 731  23 216  30   0   0  -1   1.5  78
 590.0    9155  0.152   674  1159  1800 690  25 253  33   0   0  -1   1.5  78
 600.0    8651  0.144   674  1161  1855 644  26 295  35   0   0  -1   1.5  78
 610.0    8184  0.136   674  1162  1911 594  28 340  37   0   0  -1   1.5  78
 620.0    7751  0.129   674  1164  1966 542  30 389  39   0   0  -1   1.5  78
 630.0    7348  0.122   674  1166  2022 489  31 439  41   0   0  -1   1.5  78
 640.0    6974  0.116   674  1168  2078 436  33 490  42   0   0  -1   1.5  78
 650.0    6626  0.110   674  1170  2133 383  34 540  43   0   0  -1   1.5  78
 660.0    6301  0.105   674  1171  2189 334  34 589  43   0   0  -1   1.5  78
 670.0    5998  0.100   674  1173  2245 288  34 634  43   0   0  -1   1.5  78
 680.0    5716  0.095   674  1175  2301 247  34 677  42   0   0  -1   1.5  78
 690.0    5452  0.091   674  1177  2356 210  34 714  41   0   0  -1   1.5  78
 700.0    5204  0.086   674  1179  2412 179  33 747  40   0   0  -1   1.5  78
 710.0    4973  0.083   674  1180  2468 153  33 776  39   0   0  -1   1.5  78
 720.0    4756  0.079   674  1182  2523 132  32 799  38   0   0  -1   1.5  78
 730.0    4552  0.076   674  1184  2579 115  31 817  37   0   0  -1   1.5  78
 740.0    4361  0.072   674  1186  2634 102  31 831  36   0   0  -1   1.5  78
 750.0    4181  0.069   674  1188  2690  93  30 842  35   0   0  -1   1.5  78
 760.0    4011  0.067   674  1189  2745  87  30 849  35   0   0  -1   1.5  78
 770.0    3852  0.064   674  1191  2800  82  29 854  34   0   0  -1   1.5  78
 780.0    3702  0.062   674  1193  2854  79  29 857  34   0   0  -1   1.5  78
 790.0    3560  0.059   674  1195  2907  77  29 860  34   0   0  -1   1.5  78
 800.0    3426  0.057   674  1197  2959  75  29 861  34   0   0  -1   1.5  78
 810.0    3299  0.055   674  1198  3009  74  29 862  35   0   0  -1   1.5  78
 820.0    3179  0.053   674  1200  3055  73  29 863  35   0   0  -1   1.5  78
 830.0    3066  0.051   674  1202  3097  72  29 864  35   0   0  -1   1.5  78
 840.0    2958  0.049   674  1204  3132  71  29 864  35   0   0  -1   1.5  78
 850.0    2856  0.047   674  1206  3160  70  29 865  35   0   0  -1   1.5  78
 860.0    2759  0.046   674  1207  3180  70  29 865  36   0   0  -1   1.5  78
 870.0    2667  0.044   674  1209  3193  69  30 866  36   0   0  -1   1.5  78
 880.0    2580  0.043   674  1211  3199  68  30 866  36   0   0  -1   1.5  78
 890.0    2497  0.041   674  1213  3201  67  30 867  36   0   0  -1   1.5  78
 900.0    2418  0.040   674  1215  3199  67  30 867  37   0   0  -1   1.5  78
 910.0    2342  0.039   674  1216  3195  66  30 867  37   0   0  -1   1.5  78
 920.0    2270  0.038   674  1218  3190  65  30 867  37   0   0  -1   1.5  78
 930.0    2202  0.037   674  1220  3184  65  30 868  37   0   0  -1   1.5  78
 940.0    2136  0.036   674  1222  3177  64  30 868  38   0   0  -1   1.5  78
 950.0    2074  0.034   674  1224  3170  64  30 868  38   0   0  -1   1.5  78
 960.0    2014  0.033   674  1225  3162  63  30 869  38   0   0  -1   1.5  78
 970.0    1957  0.033   674  1227  3155  62  30 870  39   0   0  -1   1.5  78
 980.0    1903  0.032   674  1229  3147  60  30 871  39   0   0  -1   1.5  78
 990.0    1851  0.031   674  1231  3139  59  30 872  39   0   0  -1   1.5  78
1000.0    1801  0.030   674  1233  3132  58  30 873  39   0   0  -1   1.5  78