yyyy/mmdd(or -ddd)/hh.h):2023/-304/21.0UT  geog Lat/Long/Alt= 56.0/  44.0/ 100.0

NeQuick is used for topside Ne profile
URSI maps are used for the F2 peak density (NmF2)
foF2 STORM model is turned on 
Shubin2015model is used for F2 peak height (hmF2)
ABT-2009 option is used for the bottomside thickness parameter B0
Scotto-97 no L   option is used for the F1 occurrence probability
foE auroral storm model is turned off
IRI-1990   option is used for D-region
TBT-2012 with solar dependence is used for the electron temperature
RBV10+TBT15 option is used for ion composition
CGM coordinates not computed
auroral boundaries not computed

Peak Densities/cm-3: NmF2= 219596.2   NmF1=      0.0   NmE=   2759.3
Peak Heights/km:     hmF2=   323.96   hmF1=     0.00   hmE=   110.00

Solar Zenith Angle/degree                             138.7
Dip (Magnetic Inclination)/degree                      71.97
Modip (Modified Dip)/degree                            59.23
Solar Sunspot Number (12-months running mean) Rz12     80.0           
Ionospheric-Effective Solar Index IG12                140.0           
Solar radio flux F10.7 (daily)                        127.7           
Solar radio flux F10.7 (81-day average)               127.7           

-
   H   ELECTRON DENSITY   TEMPERATURES      ION PERCENTAGES[%]*10    1E16m-2
   km  Ne/cm-3 Ne/NmF2 Tn/K  Ti/K  Te/K  O+  N+  H+ He+ O2+ NO+ Clust TEC t/%
   0.0      -1 -1.000    -1    -1    -1  -1  -1  -1  -1  -1  -1  -1  -1.0  -1
   1.0      -1 -1.000    -1    -1    -1  -1  -1  -1  -1  -1  -1  -1  -1.0  -1
   2.0      -1 -1.000    -1    -1    -1  -1  -1  -1  -1  -1  -1  -1  -1.0  -1
   3.0      -1 -1.000    -1    -1    -1  -1  -1  -1  -1  -1  -1  -1  -1.0  -1
   4.0      -1 -1.000    -1    -1    -1  -1  -1  -1  -1  -1  -1  -1  -1.0  -1
   5.0      -1 -1.000    -1    -1    -1  -1  -1  -1  -1  -1  -1  -1  -1.0  -1
   6.0      -1 -1.000    -1    -1    -1  -1  -1  -1  -1  -1  -1  -1  -1.0  -1
   7.0      -1 -1.000    -1    -1    -1  -1  -1  -1  -1  -1  -1  -1  -1.0  -1
   8.0      -1 -1.000    -1    -1    -1  -1  -1  -1  -1  -1  -1  -1  -1.0  -1
   9.0      -1 -1.000    -1    -1    -1  -1  -1  -1  -1  -1  -1  -1  -1.0  -1
  10.0      -1 -1.000    -1    -1    -1  -1  -1  -1  -1  -1  -1  -1  -1.0  -1
  11.0      -1 -1.000    -1    -1    -1  -1  -1  -1  -1  -1  -1  -1  -1.0  -1
  12.0      -1 -1.000    -1    -1    -1  -1  -1  -1  -1  -1  -1  -1  -1.0  -1
  13.0      -1 -1.000    -1    -1    -1  -1  -1  -1  -1  -1  -1  -1  -1.0  -1
  14.0      -1 -1.000    -1    -1    -1  -1  -1  -1  -1  -1  -1  -1  -1.0  -1
  15.0      -1 -1.000    -1    -1    -1  -1  -1  -1  -1  -1  -1  -1  -1.0  -1
  16.0      -1 -1.000    -1    -1    -1  -1  -1  -1  -1  -1  -1  -1  -1.0  -1
  17.0      -1 -1.000    -1    -1    -1  -1  -1  -1  -1  -1  -1  -1  -1.0  -1
  18.0      -1 -1.000    -1    -1    -1  -1  -1  -1  -1  -1  -1  -1  -1.0  -1
  19.0      -1 -1.000    -1    -1    -1  -1  -1  -1  -1  -1  -1  -1  -1.0  -1
  20.0      -1 -1.000    -1    -1    -1  -1  -1  -1  -1  -1  -1  -1  -1.0  -1
  21.0      -1 -1.000    -1    -1    -1  -1  -1  -1  -1  -1  -1  -1  -1.0  -1
  22.0      -1 -1.000    -1    -1    -1  -1  -1  -1  -1  -1  -1  -1  -1.0  -1
  23.0      -1 -1.000    -1    -1    -1  -1  -1  -1  -1  -1  -1  -1  -1.0  -1
  24.0      -1 -1.000    -1    -1    -1  -1  -1  -1  -1  -1  -1  -1  -1.0  -1
  25.0      -1 -1.000    -1    -1    -1  -1  -1  -1  -1  -1  -1  -1  -1.0  -1
  26.0      -1 -1.000    -1    -1    -1  -1  -1  -1  -1  -1  -1  -1  -1.0  -1
  27.0      -1 -1.000    -1    -1    -1  -1  -1  -1  -1  -1  -1  -1  -1.0  -1
  28.0      -1 -1.000    -1    -1    -1  -1  -1  -1  -1  -1  -1  -1  -1.0  -1
  29.0      -1 -1.000    -1    -1    -1  -1  -1  -1  -1  -1  -1  -1  -1.0  -1
  30.0      -1 -1.000    -1    -1    -1  -1  -1  -1  -1  -1  -1  -1  -1.0  -1
  31.0      -1 -1.000    -1    -1    -1  -1  -1  -1  -1  -1  -1  -1  -1.0  -1
  32.0      -1 -1.000    -1    -1    -1  -1  -1  -1  -1  -1  -1  -1  -1.0  -1
  33.0      -1 -1.000    -1    -1    -1  -1  -1  -1  -1  -1  -1  -1  -1.0  -1
  34.0      -1 -1.000    -1    -1    -1  -1  -1  -1  -1  -1  -1  -1  -1.0  -1
  35.0      -1 -1.000    -1    -1    -1  -1  -1  -1  -1  -1  -1  -1  -1.0  -1
  36.0      -1 -1.000    -1    -1    -1  -1  -1  -1  -1  -1  -1  -1  -1.0  -1
  37.0      -1 -1.000    -1    -1    -1  -1  -1  -1  -1  -1  -1  -1  -1.0  -1
  38.0      -1 -1.000    -1    -1    -1  -1  -1  -1  -1  -1  -1  -1  -1.0  -1
  39.0      -1 -1.000    -1    -1    -1  -1  -1  -1  -1  -1  -1  -1  -1.0  -1
  40.0      -1 -1.000    -1    -1    -1  -1  -1  -1  -1  -1  -1  -1  -1.0  -1
  41.0      -1 -1.000    -1    -1    -1  -1  -1  -1  -1  -1  -1  -1  -1.0  -1
  42.0      -1 -1.000    -1    -1    -1  -1  -1  -1  -1  -1  -1  -1  -1.0  -1
  43.0      -1 -1.000    -1    -1    -1  -1  -1  -1  -1  -1  -1  -1  -1.0  -1
  44.0      -1 -1.000    -1    -1    -1  -1  -1  -1  -1  -1  -1  -1  -1.0  -1
  45.0      -1 -1.000    -1    -1    -1  -1  -1  -1  -1  -1  -1  -1  -1.0  -1
  46.0      -1 -1.000    -1    -1    -1  -1  -1  -1  -1  -1  -1  -1  -1.0  -1
  47.0      -1 -1.000    -1    -1    -1  -1  -1  -1  -1  -1  -1  -1  -1.0  -1
  48.0      -1 -1.000    -1    -1    -1  -1  -1  -1  -1  -1  -1  -1  -1.0  -1
  49.0      -1 -1.000    -1    -1    -1  -1  -1  -1  -1  -1  -1  -1  -1.0  -1
  50.0      -1 -1.000    -1    -1    -1  -1  -1  -1  -1  -1  -1  -1  -1.0  -1
  51.0      -1 -1.000    -1    -1    -1  -1  -1  -1  -1  -1  -1  -1  -1.0  -1
  52.0      -1 -1.000    -1    -1    -1  -1  -1  -1  -1  -1  -1  -1  -1.0  -1
  53.0      -1 -1.000    -1    -1    -1  -1  -1  -1  -1  -1  -1  -1  -1.0  -1
  54.0      -1 -1.000    -1    -1    -1  -1  -1  -1  -1  -1  -1  -1  -1.0  -1
  55.0      -1 -1.000    -1    -1    -1  -1  -1  -1  -1  -1  -1  -1  -1.0  -1
  56.0      -1 -1.000    -1    -1    -1  -1  -1  -1  -1  -1  -1  -1  -1.0  -1
  57.0      -1 -1.000    -1    -1    -1  -1  -1  -1  -1  -1  -1  -1  -1.0  -1
  58.0      -1 -1.000    -1    -1    -1  -1  -1  -1  -1  -1  -1  -1  -1.0  -1
  59.0      -1 -1.000    -1    -1    -1  -1  -1  -1  -1  -1  -1  -1  -1.0  -1
  60.0      -1 -1.000   242   242   242  -1  -1  -1  -1  -1  -1  -1  -1.0  -1
  61.0      -1 -1.000   241   241   241  -1  -1  -1  -1  -1  -1  -1  -1.0  -1
  62.0      -1 -1.000   239   239   239  -1  -1  -1  -1  -1  -1  -1  -1.0  -1
  63.0      -1 -1.000   238   238   238  -1  -1  -1  -1  -1  -1  -1  -1.0  -1
  64.0      -1 -1.000   236   236   236  -1  -1  -1  -1  -1  -1  -1  -1.0  -1
  65.0      -1 -1.000   235   235   235  -1  -1  -1  -1  -1  -1  -1  -1.0  -1
  66.0      -1 -1.000   233   233   233  -1  -1  -1  -1  -1  -1  -1  -1.0  -1
  67.0      -1 -1.000   232   232   232  -1  -1  -1  -1  -1  -1  -1  -1.0  -1
  68.0      -1 -1.000   231   231   231  -1  -1  -1  -1  -1  -1  -1  -1.0  -1
  69.0      -1 -1.000   229   229   229  -1  -1  -1  -1  -1  -1  -1  -1.0  -1
  70.0      -1 -1.000   228   228   228  -1  -1  -1  -1  -1  -1  -1  -1.0  -1
  71.0      -1 -1.000   226   226   226  -1  -1  -1  -1  -1  -1  -1  -1.0  -1
  72.0      -1 -1.000   225   225   225  -1  -1  -1  -1  -1  -1  -1  -1.0  -1
  73.0      -1 -1.000   223   223   223  -1  -1  -1  -1  -1  -1  -1  -1.0  -1
  74.0      -1 -1.000   222   222   222  -1  -1  -1  -1  -1  -1  -1  -1.0  -1
  75.0      -1 -1.000   221   221   221  -1  -1  -1  -1  -1  -1  -1  -1.0  -1
  76.0      -1 -1.000   221   221   221  -1  -1  -1  -1  -1  -1  -1  -1.0  -1
  77.0      -1 -1.000   220   220   220  -1  -1  -1  -1  -1  -1  -1  -1.0  -1
  78.0      -1 -1.000   220   220   220  -1  -1  -1  -1  -1  -1  -1  -1.0  -1
  79.0      -1 -1.000   220   220   220  -1  -1  -1  -1  -1  -1  -1  -1.0  -1
  80.0       1  0.000   219   219   219   0   0   0   0   01000  -1  -1.0  -1
  81.0       4  0.000   219   219   219   0   0   0   0   01000  -1  -1.0  -1
  82.0      21  0.000   219   219   219   0   0   0   0   01000  -1  -1.0  -1
  83.0      68  0.000   219   219   219   0   0   0   0   1 999  -1  -1.0  -1
  84.0     149  0.001   218   218   218   0   0   0   0   1 999  -1  -1.0  -1
  85.0     247  0.001   218   218   218   0   0   0   0   2 998  -1  -1.0  -1
  86.0     328  0.001   217   217   217   0   0   0   0   3 997  -1  -1.0  -1
  87.0     376  0.002   216   216   216   0   0   0   0   3 997  -1  -1.0  -1
  88.0     400  0.002   215   215   215   0   0   0   0   3 997  -1  -1.0  -1
  89.0     424  0.002   213   213   213   0   0   0   0   3 997  -1  -1.0  -1
  90.0     473  0.002   211   211   211   0   0   0   0   4 996  -1  -1.0  -1
  91.0     584  0.003   209   209   209   0   0   0   0   5 995  -1  -1.0  -1
  92.0     845  0.004   206   206   206   0   0   0   0   7 993  -1  -1.0  -1
  93.0    1236  0.006   204   204   204   0   0   0   0  11 989  -1  -1.0  -1
  94.0    1525  0.007   201   201   201   0   0   0   0  14 986  -1  -1.0  -1
  95.0    1796  0.008   199   199   199   0   0   0   0  17 983  -1  -1.0  -1
  96.0    2036  0.009   196   196   196   0   0   0   0  21 979  -1  -1.0  -1
  97.0    2237  0.010   195   195   195   0   0   0   0  24 976  -1  -1.0  -1
  98.0    2397  0.011   193   193   193   0   0   0   0  27 973  -1  -1.0  -1
  99.0    2519  0.011   192   192   192   0   0   0   0  30 970  -1  -1.0  -1
 100.0    2608  0.012   191   191   191   0   0   0   0  33 967  -1  -1.0  -1
 101.0    2669  0.012   191   191   191   0   0   0   0  35 965  -1  -1.0  -1
 102.0    2709  0.012   192   192   192   0   0   0   0  37 963  -1  -1.0  -1
 103.0    2733  0.012   193   193   193   0   0   0   0  39 961  -1  -1.0  -1
 104.0    2747  0.013   195   195   195   0   0   0   0  41 959  -1  -1.0  -1
 105.0    2754  0.013   197   197   197   0   0   0   0  43 957  -1  -1.0  -1
 106.0    2758  0.013   200   200   200   0   0   0   0  45 955  -1  -1.0  -1
 107.0    2759  0.013   204   204   204   0   0   0   0  46 954  -1  -1.0  -1
 108.0    2759  0.013   208   208   208   0   0   0   0  48 952  -1  -1.0  -1
 109.0    2759  0.013   213   213   213   0   0   0   0  49 951  -1  -1.0  -1
 110.0    2759  0.013   219   219   219   0   0   0   0  50 950  -1  -1.0  -1
 111.0    2732  0.012   225   225   225   0   0   0   0  51 949  -1  -1.0  -1
 112.0    2658  0.012   233   233   233   0   0   0   0  51 949  -1  -1.0  -1
 113.0    2547  0.012   241   241   241   0   0   0   0  50 950  -1  -1.0  -1
 114.0    2408  0.011   250   250   250   0   0   0   0  48 952  -1  -1.0  -1
 115.0    2253  0.010   261   261   261   0   0   0   0  45 955  -1  -1.0  -1
 116.0    2090  0.010   272   272   272   0   0   0   0  42 958  -1  -1.0  -1
 117.0    1925  0.009   284   284   284   0   0   0   0  39 961  -1  -1.0  -1
 118.0    1764  0.008   297   297   297   0   0   0   0  36 964  -1  -1.0  -1
 119.0    1611  0.007   311   311   311   0   0   0   0  33 967  -1  -1.0  -1
 120.0    1468  0.007   327   327   327   0   0   0   0  29 971  -1  -1.0  -1
 121.0    1337  0.006   342   342   342   0   0   0   0  26 973  -1  -1.0  -1
 122.0    1218  0.006   358   358   358   0   0   0   0  24 976  -1  -1.0  -1
 123.0    1112  0.005   375   375   375   0   0   0   0  22 978  -1  -1.0  -1
 124.0    1017  0.005   389   389   389   0   0   0   0  20 980  -1  -1.0  -1
 125.0     934  0.004   404   404   404   0   0   0   0  18 982  -1  -1.0  -1
 126.0     861  0.004   419   419   419   0   0   0   0  17 983  -1  -1.0  -1
 127.0     798  0.004   433   433   433   0   0   0   0  15 984  -1  -1.0  -1
 128.0     744  0.003   446   446   446   0   0   0   0  14 985  -1  -1.0  -1
 129.0     697  0.003   459   459   459   0   0   0   0  14 986  -1  -1.0  -1
 130.0     658  0.003   471   471   471   0   0   0   0  13 987  -1  -1.0  -1
 131.0     625  0.003   484   484   484   0   0   0   0  12 987  -1  -1.0  -1
 132.0     597  0.003   495   495   495   0   0   0   0  12 988  -1  -1.0  -1
 133.0     575  0.003   507   507   507   0   0   0   0  12 988  -1  -1.0  -1
 134.0     558  0.003   518   518   518   0   0   0   0  11 988  -1  -1.0  -1
 135.0     544  0.002   528   528   528   0   0   0   0  11 988  -1  -1.0  -1
 136.0     535  0.002   538   538   538   0   0   0   0  11 989  -1  -1.0  -1
 137.0     530  0.002   548   548   548   1   0   0   0  11 988  -1  -1.0  -1
 138.0     529  0.002   558   558   558   1   0   0   0  11 988  -1  -1.0  -1
 139.0     530  0.002   567   567   567   1   0   0   0  11 988  -1  -1.0  -1
 140.0     536  0.002   576   576   576   1   0   0   0  11 988  -1  -1.0  -1
 141.0     544  0.002   584   584   584   1   0   0   0  12 987  -1  -1.0  -1
 142.0     556  0.003   593   593   593   1   0   0   0  12 987  -1  -1.0  -1
 143.0     571  0.003   601   601   601   1   0   0   0  13 986  -1  -1.0  -1
 144.0     589  0.003   609   609   609   1   0   0   0  13 986  -1  -1.0  -1
 145.0     611  0.003   616   616   616   1   0   0   0  14 985  -1  -1.0  -1
 146.0     636  0.003   623   623   623   1   0   0   0  14 984  -1  -1.0  -1
 147.0     664  0.003   630   630   630   1   0   0   0  15 983  -1  -1.0  -1
 148.0     696  0.003   637   637   637   2   0   0   0  16 982  -1  -1.0  -1
 149.0     731  0.003   644   644   644   2   0   0   0  17 981  -1  -1.0  -1
 150.0     770  0.004   650   650   650   2   0   0   0  18 980  -1  -1.0  -1
 151.0     812  0.004   656   656   656   2   0   0   0  19 978  -1  -1.0  -1
 152.0     858  0.004   662   662   662   3   0   0   0  21 977  -1  -1.0  -1
 153.0     907  0.004   668   668   669   3   0   0   0  22 975  -1  -1.0  -1
 154.0     959  0.004   673   673   675   3   0   0   0  23 973  -1  -1.0  -1
 155.0    1015  0.005   679   679   681   4   0   0   0  25 971  -1  -1.0  -1
 156.0    1074  0.005   684   684   686   4   0   0   0  26 969  -1  -1.0  -1
 157.0    1135  0.005   689   689   691   5   0   0   0  28 967  -1  -1.0  -1
 158.0    1199  0.005   693   693   696   5   0   0   0  30 965  -1  -1.0  -1
 159.0    1265  0.006   698   698   700   6   0   0   0  31 963  -1  -1.0  -1
 160.0    1333  0.006   703   703   705   7   0   0   0  33 960  -1  -1.0  -1
 161.0    1403  0.006   707   707   709   7   0   0   0  35 958  -1  -1.0  -1
 162.0    1474  0.007   711   711   713   8   0   0   0  37 955  -1  -1.0  -1
 163.0    1546  0.007   715   715   716   9   0   0   0  39 952  -1  -1.0  -1
 164.0    1619  0.007   719   719   720  10   0   0   0  40 949  -1  -1.0  -1
 165.0    1693  0.008   723   723   724  11   0   0   0  42 947  -1  -1.0  -1
 166.0    1768  0.008   727   727   727  12   0   0   0  44 944  -1  -1.0  -1
 167.0    1845  0.008   730   730   731  13   0   0   0  46 940  -1  -1.0  -1
 168.0    1923  0.009   734   734   734  15   0   0   0  48 937  -1  -1.0  -1
 169.0    2004  0.009   737   737   737  16   0   0   0  50 934  -1  -1.0  -1
 170.0    2089  0.010   740   740   741  18   0   0   0  52 930  -1  -1.0  -1
 171.0    2179  0.010   743   743   744  19   0   0   0  54 927  -1  -1.0  -1
 172.0    2276  0.010   746   746   747  21   0   0   0  56 923  -1  -1.0  -1
 173.0    2383  0.011   749   749   750  23   0   0   0  58 918  -1  -1.0  -1
 174.0    2502  0.011   752   752   754  26   0   0   0  61 913  -1  -1.0  -1
 175.0    2638  0.012   755   755   757  28   0   0   0  64 908  -1  -1.0  -1
 176.0    2836  0.013   757   757   760  32   0   0   0  68 900  -1  -1.0  -1
 177.0    3185  0.015   760   760   763  37   0   0   0  74 888  -1  -1.0  -1
 178.0    3542  0.016   762   762   766  43   0   0   0  81 876  -1  -1.0  -1
 179.0    3910  0.018   765   765   770  50   0   0   0  87 863  -1  -1.0  -1
 180.0    4287  0.020   767   767   773  56   0   0   0  93 850  -1  -1.0  -1
 181.0    4676  0.021   769   769   776  64   0   0   0  99 837  -1  -1.0  -1
 182.0    5076  0.023   771   771   779  72   0   0   0 105 823  -1  -1.0  -1
 183.0    5487  0.025   773   773   782  80   0   0   0 110 809  -1  -1.0  -1
 184.0    5909  0.027   775   775   785  90   0   0   0 115 794  -1  -1.0  -1
 185.0    6344  0.029   777   777   789  99   0   0   0 120 780  -1  -1.0  -1
 186.0    6791  0.031   779   779   792 110   0   0   0 125 765  -1  -1.0  -1
 187.0    7249  0.033   781   781   795 121   0   0   0 129 749  -1  -1.0  -1
 188.0    7721  0.035   783   783   798 133   0   0   0 133 734  -1  -1.0  -1
 189.0    8204  0.037   784   784   801 145   0   0   0 137 718  -1  -1.0  -1
 190.0    8700  0.040   786   786   804 158   0   0   0 140 701  -1  -1.0  -1
 191.0    9208  0.042   787   787   807 172   0   0   0 143 685  -1  -1.0  -1
 192.0    9729  0.044   789   789   810 186   0   0   0 145 668  -1  -1.0  -1
 193.0   10262  0.047   790   790   814 201   0   0   0 147 651  -1  -1.0  -1
 194.0   10808  0.049   792   792   817 216   0   0   0 149 634  -1  -1.0  -1
 195.0   11367  0.052   793   793   820 232   0   0   0 150 616  -1  -1.0  -1
 196.0   11939  0.054   795   795   823 249   0   0   0 151 599  -1  -1.0  -1
 197.0   12523  0.057   796   796   826 266   0   0   0 152 581  -1  -1.0  -1
 198.0   13120  0.060   797   797   829 284   0   0   0 152 564  -1  -1.0  -1
 199.0   13729  0.063   798   798   832 302   0   0   0 151 546  -1  -1.0  -1
 200.0   14352  0.065   799   799   836 320   0   0   0 151 528  -1  -1.0  -1
 201.0   14987  0.068   801   801   839 339   0   0   0 150 510  -1  -1.0  -1
 202.0   15635  0.071   802   802   842 358   0   0   0 148 493  -1  -1.0  -1
 203.0   16296  0.074   803   804   845 377   0   0   0 147 475  -1  -1.0  -1
 204.0   16969  0.077   804   805   848 396   0   0   0 145 458  -1  -1.0  -1
 205.0   17655  0.080   805   807   851 416   0   0   0 143 440  -1  -1.0  -1
 206.0   18354  0.084   806   808   854 435   0   0   0 140 423  -1  -1.0  -1
 207.0   19069  0.087   807   809   858 455   0   0   0 138 406  -1  -1.0  -1
 208.0   19807  0.090   807   811   861 474   0   0   0 135 390  -1  -1.0  -1
 209.0   20568  0.094   808   812   864 494   0   0   0 131 373  -1  -1.0  -1
 210.0   21354  0.097   809   814   867 513   0   0   0 128 357  -1  -1.0  -1
 211.0   22163  0.101   810   815   870 533   0   0   0 125 341  -1  -1.0  -1
 212.0   22998  0.105   811   817   873 552   0   0   0 121 325  -1  -1.0  -1
 213.0   23858  0.109   812   818   876 571   0   0   0 117 310  -1  -1.0  -1
 214.0   24744  0.113   812   819   879 590   1   0   0 114 295  -1  -1.0  -1
 215.0   25656  0.117   813   821   883 608   1   0   0 110 281  -1  -1.0  -1
 216.0   26596  0.121   814   822   886 626   1   0   0 106 267  -1  -1.0  -1
 217.0   27562  0.126   814   824   889 644   1   0   0 102 253  -1  -1.0  -1
 218.0   28557  0.130   815   825   892 661   1   0   0  98 240  -1  -1.0  -1
 219.0   29579  0.135   816   827   895 677   1   0   0  94 227  -1  -1.0  -1
 220.0   30631  0.139   816   828   898 694   1   0   0  90 215  -1  -1.0  -1
 221.0   31711  0.144   817   829   901 709   1   0   0  86 203  -1  -1.0  -1
 222.0   32821  0.149   817   831   905 724   1   0   0  82 192  -1  -1.0  -1
 223.0   33961  0.155   818   832   908 739   1   0   0  78 181  -1  -1.0  -1
 224.0   35132  0.160   818   834   911 753   1   0   0  74 171  -1  -1.0  -1
 225.0   36333  0.165   819   835   914 766   1   0   0  71 161  -1  -1.0  -1
 226.0   37565  0.171   819   837   917 779   1   0   0  67 152  -1  -1.0  -1
 227.0   38829  0.177   820   838   920 791   1   0   0  64 143  -1  -1.0  -1
 228.0   40124  0.183   820   839   923 803   1   0   0  61 135  -1  -1.0  -1
 229.0   41452  0.189   821   841   927 814   1   0   0  57 127  -1  -1.0  -1
 230.0   42812  0.195   821   842   930 825   1   0   0  54 119  -1  -1.0  -1
 231.0   44205  0.201   822   844   933 835   1   0   0  51 112  -1  -1.0  -1
 232.0   45631  0.208   822   845   936 845   1   0   0  49 105  -1  -1.0  -1
 233.0   47090  0.214   822   846   939 854   1   0   0  46  99  -1  -1.0  -1
 234.0   48582  0.221   823   848   942 862   1   0   0  43  93  -1  -1.0  -1
 235.0   50108  0.228   823   849   945 871   1   0   0  41  87  -1  -1.0  -1
 236.0   51668  0.235   823   851   948 878   1   0   0  38  82  -1  -1.0  -1
 237.0   53261  0.243   824   852   952 886   1   0   0  36  77  -1  -1.0  -1
 238.0   54888  0.250   824   854   955 892   1   0   0  34  72  -1  -1.0  -1
 239.0   56549  0.258   824   855   958 899   1   0   0  32  68  -1  -1.0  -1
 240.0   58244  0.265   825   856   961 905   1   0   0  30  63  -1  -1.0  -1
 241.0   59973  0.273   825   858   964 911   1   0   0  28  60  -1  -1.0  -1
 242.0   61736  0.281   825   859   967 916   1   0   0  27  56  -1  -1.0  -1
 243.0   63533  0.289   826   861   970 921   1   0   0  25  52  -1  -1.0  -1
 244.0   65363  0.298   826   862   974 926   1   0   0  24  49  -1  -1.0  -1
 245.0   67226  0.306   826   864   977 930   1   0   0  22  46  -1  -1.0  -1
 246.0   69123  0.315   826   865   980 935   1   0   0  21  43  -1  -1.0  -1
 247.0   71053  0.324   827   866   983 939   1   0   0  20  41  -1  -1.0  -1
 248.0   73015  0.332   827   868   986 942   1   0   0  18  38  -1  -1.0  -1
 249.0   75010  0.342   827   869   989 946   0   0   0  17  36  -1  -1.0  -1
 250.0   77036  0.351   827   871   992 949   0   0   0  16  34  -1  -1.0  -1
 251.0   79094  0.360   827   872   995 952   0   0   0  15  32  -1  -1.0  -1
 252.0   81183  0.370   828   874   999 955   0   0   0  14  30  -1  -1.0  -1
 253.0   83302  0.379   828   875  1002 958   0   0   0  13  28  -1  -1.0  -1
 254.0   85451  0.389   828   876  1005 960   0   0   0  13  26  -1  -1.0  -1
 255.0   87628  0.399   828   878  1008 963   0   0   0  12  25  -1  -1.0  -1
 256.0   89835  0.409   828   879  1011 965   0   0   0  11  23  -1  -1.0  -1
 257.0   92068  0.419   829   881  1014 967   0   0   0  10  22  -1  -1.0  -1
 258.0   94329  0.430   829   882  1017 969   0   0   0  10  20  -1  -1.0  -1
 259.0   96615  0.440   829   884  1021 971   0   0   0   9  19  -1  -1.0  -1
 260.0   98927  0.450   829   885  1024 972   0   0   0   9  18  -1  -1.0  -1
 261.0  101262  0.461   829   886  1027 974   0   0   0   8  17  -1  -1.0  -1
 262.0  103620  0.472   829   888  1030 975   0   0   0   8  16  -1  -1.0  -1
 263.0  106000  0.483   830   889  1033 977   0   0   0   7  15  -1  -1.0  -1
 264.0  108400  0.494   830   891  1036 978   0   0   0   7  14  -1  -1.0  -1
 265.0  110820  0.505   830   892  1039 979   0   0   0   6  13  -1  -1.0  -1
 266.0  113258  0.516   830   894  1043 981   0   0   0   6  13  -1  -1.0  -1
 267.0  115713  0.527   830   895  1046 982   0   0   0   6  12  -1  -1.0  -1
 268.0  118183  0.538   830   896  1049 983   0   0   0   5  11  -1  -1.0  -1
 269.0  120667  0.549   830   898  1052 984   0   0   0   5  11  -1  -1.0  -1
 270.0  123163  0.561   830   899  1055 985   0   0   0   5  10  -1  -1.0  -1
 271.0  125670  0.572   831   901  1058 985   0   0   0   4   9  -1  -1.0  -1
 272.0  128186  0.584   831   902  1061 986   0   0   0   4   9  -1  -1.0  -1
 273.0  130710  0.595   831   903  1064 987   0   0   0   4   8  -1  -1.0  -1
 274.0  133239  0.607   831   905  1068 988   0   0   0   4   8  -1  -1.0  -1
 275.0  135773  0.618   831   906  1071 988   0   0   0   3   7  -1  -1.0  -1
 276.0  138308  0.630   831   908  1074 989   0   0   0   3   7  -1  -1.0  -1
 277.0  140844  0.641   831   909  1077 990   0   0   0   3   7  -1  -1.0  -1
 278.0  143378  0.653   831   911  1080 990   0   0   0   3   6  -1  -1.0  -1
 279.0  145908  0.664   831   912  1083 991   0   0   0   3   6  -1  -1.0  -1
 280.0  148432  0.676   831   913  1086 991   0   0   0   3   6  -1  -1.0  -1
 281.0  150949  0.687   831   915  1090 992   0   0   0   2   5  -1  -1.0  -1
 282.0  153455  0.699   831   916  1093 992   0   0   0   2   5  -1  -1.0  -1
 283.0  155950  0.710   832   918  1096 992   0   0   0   2   5  -1  -1.0  -1
 284.0  158430  0.721   832   919  1099 993   0   0   0   2   5  -1  -1.0  -1
 285.0  160894  0.733   832   921  1102 993   0   0   0   2   4  -1  -1.0  -1
 286.0  163338  0.744   832   922  1105 994   0   0   0   2   4  -1  -1.0  -1
 287.0  165762  0.755   832   923  1108 994   0   0   0   2   4  -1  -1.0  -1
 288.0  168163  0.766   832   925  1112 994   0   0   0   2   4  -1  -1.0  -1
 289.0  170537  0.777   832   926  1115 994   0   0   0   2   3  -1  -1.0  -1
 290.0  172884  0.787   832   928  1118 995   0   0   0   1   3  -1  -1.0  -1
 291.0  175200  0.798   832   929  1121 995   0   0   0   1   3  -1  -1.0  -1
 292.0  177484  0.808   832   931  1124 995   0   0   0   1   3  -1  -1.0  -1
 293.0  179732  0.818   832   932  1127 995   0   0   0   1   3  -1  -1.0  -1
 294.0  181943  0.829   832   933  1130 996   0   0   0   1   3  -1  -1.0  -1
 295.0  184114  0.838   832   935  1133 996   0   0   0   1   3  -1  -1.0  -1
 296.0  186242  0.848   832   936  1137 996   0   0   0   1   2  -1  -1.0  -1
 297.0  188326  0.858   832   938  1140 996   0   0   0   1   2  -1  -1.0  -1
 298.0  190362  0.867   832   939  1143 996   0   0   0   1   2  -1  -1.0  -1
 299.0  192350  0.876   832   941  1146 997   0   0   0   1   2  -1  -1.0  -1
 300.0  194285  0.885   833   942  1149 977  22   1   0   0   0  -1  -1.0  -1
 301.0  196166  0.893   833   943  1152 977  22   1   0   0   0  -1  -1.0  -1
 302.0  197991  0.902   833   945  1155 977  22   1   0   0   0  -1  -1.0  -1
 303.0  199757  0.910   833   946  1159 977  22   1   0   0   0  -1  -1.0  -1
 304.0  201462  0.917   833   948  1162 977  22   1   0   0   0  -1  -1.0  -1
 305.0  203104  0.925   833   949  1165 977  22   1   0   0   0  -1  -1.0  -1
 306.0  204680  0.932   833   951  1168 977  22   1   0   0   0  -1  -1.0  -1
 307.0  206189  0.939   833   952  1171 977  22   1   0   0   0  -1  -1.0  -1
 308.0  207629  0.946   833   953  1174 977  22   1   0   0   0  -1  -1.0  -1
 309.0  208996  0.952   833   955  1177 977  22   1   0   0   0  -1  -1.0  -1
 310.0  210290  0.958   833   956  1180 977  22   1   0   0   0  -1  -1.0  -1
 311.0  211508  0.963   833   958  1184 977  22   1   0   0   0  -1  -1.0  -1
 312.0  212649  0.968   833   959  1187 977  22   1   0   0   0  -1  -1.0  -1
 313.0  213710  0.973   833   961  1190 977  22   1   0   0   0  -1  -1.0  -1
 314.0  214690  0.978   833   962  1193 977  22   1   0   0   0  -1  -1.0  -1
 315.0  215587  0.982   833   963  1196 977  22   1   0   0   0  -1  -1.0  -1
 316.0  216398  0.985   833   965  1199 977  22   1   0   0   0  -1  -1.0  -1
 317.0  217123  0.989   833   966  1202 977  22   1   0   0   0  -1  -1.0  -1
 318.0  217760  0.992   833   968  1206 976  22   1   0   0   0  -1  -1.0  -1
 319.0  218305  0.994   833   969  1209 976  22   1   0   0   0  -1  -1.0  -1
 320.0  218759  0.996   833   970  1212 976  22   1   0   0   0  -1  -1.0  -1
 321.0  219118  0.998   833   972  1215 976  22   1   0   0   0  -1  -1.0  -1
 322.0  219380  0.999   833   973  1218 976  22   1   0   0   0  -1  -1.0  -1
 323.0  219542  1.000   833   975  1221 976  22   1   0   0   0  -1  -1.0  -1
 324.0  219596  1.000   833   976  1224 976  22   1   0   0   0  -1  -1.0  -1
 325.0  219582  1.000   833   978  1227 976  22   1   0   0   0  -1  -1.0  -1
 326.0  219543  1.000   833   979  1231 976  23   1   0   0   0  -1  -1.0  -1
 327.0  219478  0.999   833   980  1234 976  23   1   0   0   0  -1  -1.0  -1
 328.0  219389  0.999   833   982  1237 976  23   1   0   0   0  -1  -1.0  -1
 329.0  219275  0.999   833   983  1240 976  23   1   0   0   0  -1  -1.0  -1
 330.0  219137  0.998   833   985  1243 976  23   1   1   0   0  -1  -1.0  -1
 331.0  218976  0.997   833   986  1246 976  23   1   1   0   0  -1  -1.0  -1
 332.0  218790  0.996   833   988  1249 976  23   1   1   0   0  -1  -1.0  -1
 333.0  218582  0.995   833   989  1252 976  23   1   1   0   0  -1  -1.0  -1
 334.0  218351  0.994   833   990  1255 975  23   1   1   0   0  -1  -1.0  -1
 335.0  218097  0.993   833   992  1258 975  23   1   1   0   0  -1  -1.0  -1
 336.0  217822  0.992   833   993  1261 975  23   1   1   0   0  -1  -1.0  -1
 337.0  217524  0.991   833   995  1264 975  23   1   1   0   0  -1  -1.0  -1
 338.0  217206  0.989   833   996  1267 975  23   1   1   0   0  -1  -1.0  -1
 339.0  216866  0.988   833   998  1270 975  23   1   1   0   0  -1  -1.0  -1
 340.0  216506  0.986   833   999  1273 975  23   1   1   0   0  -1  -1.0  -1
 341.0  216126  0.984   833  1000  1276 975  23   1   1   0   0  -1  -1.0  -1
 342.0  215726  0.982   833  1002  1278 975  23   1   1   0   0  -1  -1.0  -1
 343.0  215307  0.980   833  1003  1281 975  23   1   1   0   0  -1  -1.0  -1
 344.0  214869  0.978   833  1005  1284 975  23   1   1   0   0  -1  -1.0  -1
 345.0  214412  0.976   834  1006  1286 975  23   1   1   0   0  -1  -1.0  -1
 346.0  213936  0.974   834  1008  1289 975  23   1   1   0   0  -1  -1.0  -1
 347.0  213443  0.972   834  1009  1291 975  23   1   1   0   0  -1  -1.0  -1
 348.0  212933  0.970   834  1010  1293 974  23   1   1   0   0  -1  -1.0  -1
 349.0  212405  0.967   834  1012  1295 974  23   2   1   0   0  -1  -1.0  -1
 350.0  211861  0.965   834  1013  1297 974  23   2   1   0   0  -1  -1.0  -1
 351.0  211300  0.962   834  1015  1299 974  24   2   1   0   0  -1  -1.0  -1
 352.0  210724  0.960   834  1016  1300 974  24   2   1   0   0  -1  -1.0  -1
 353.0  210132  0.957   834  1017  1302 974  24   2   1   0   0  -1  -1.0  -1
 354.0  209525  0.954   834  1019  1303 974  24   2   1   0   0  -1  -1.0  -1
 355.0  208903  0.951   834  1020  1304 974  24   2   1   0   0  -1  -1.0  -1
 356.0  208267  0.948   834  1022  1306 974  24   2   1   0   0  -1  -1.0  -1
 357.0  207617  0.945   834  1023  1307 974  24   2   1   0   0  -1  -1.0  -1
 358.0  206954  0.942   834  1025  1308 974  24   2   1   0   0  -1  -1.0  -1
 359.0  206277  0.939   834  1026  1308 974  24   2   1   0   0  -1  -1.0  -1
 360.0  205587  0.936   834  1027  1309 974  24   2   1   0   0  -1  -1.0  -1
 361.0  204885  0.933   834  1029  1310 973  24   2   1   0   0  -1  -1.0  -1
 362.0  204171  0.930   834  1030  1311 973  24   2   1   0   0  -1  -1.0  -1
 363.0  203445  0.926   834  1032  1312 973  24   2   1   0   0  -1  -1.0  -1
 364.0  202708  0.923   834  1033  1312 973  24   2   1   0   0  -1  -1.0  -1
 365.0  201960  0.920   834  1035  1313 973  24   2   1   0   0  -1  -1.0  -1
 366.0  201201  0.916   834  1036  1314 973  24   2   1   0   0  -1  -1.0  -1
 367.0  200432  0.913   834  1037  1314 973  24   2   1   0   0  -1  -1.0  -1
 368.0  199654  0.909   834  1039  1315 973  24   2   1   0   0  -1  -1.0  -1
 369.0  198865  0.906   834  1040  1315 973  24   2   1   0   0  -1  -1.0  -1
 370.0  198067  0.902   834  1042  1316 973  24   2   1   0   0  -1  -1.0  -1
 371.0  197261  0.898   834  1043  1316 973  24   2   1   0   0  -1  -1.0  -1
 372.0  196446  0.895   834  1045  1317 972  24   2   1   0   0  -1  -1.0  -1
 373.0  195622  0.891   834  1046  1317 972  24   2   1   0   0  -1  -1.0  -1
 374.0  194791  0.887   834  1047  1318 972  24   2   1   0   0  -1  -1.0  -1
 375.0  193952  0.883   834  1049  1319 972  25   2   1   0   0  -1  -1.0  -1
 376.0  193106  0.879   834  1050  1319 972  25   2   1   0   0  -1  -1.0  -1
 377.0  192253  0.875   834  1052  1320 972  25   2   1   0   0  -1  -1.0  -1
 378.0  191394  0.872   834  1053  1320 972  25   2   1   0   0  -1  -1.0  -1
 379.0  190528  0.868   834  1054  1321 972  25   2   1   0   0  -1  -1.0  -1
 380.0  189656  0.864   834  1056  1321 972  25   3   1   0   0  -1  -1.0  -1
 381.0  188778  0.860   834  1057  1322 972  25   3   1   0   0  -1  -1.0  -1
 382.0  187895  0.856   834  1059  1322 972  25   3   1   0   0  -1  -1.0  -1
 383.0  187007  0.852   834  1060  1323 971  25   3   1   0   0  -1  -1.0  -1
 384.0  186113  0.848   834  1062  1323 971  25   3   1   0   0  -1  -1.0  -1
 385.0  185216  0.843   834  1063  1324 971  25   3   1   0   0  -1  -1.0  -1
 386.0  184314  0.839   834  1064  1324 971  25   3   1   0   0  -1  -1.0  -1
 387.0  183407  0.835   834  1066  1325 971  25   3   1   0   0  -1  -1.0  -1
 388.0  182497  0.831   834  1067  1325 971  25   3   1   0   0  -1  -1.0  -1
 389.0  181584  0.827   834  1069  1326 971  25   3   1   0   0  -1  -1.0  -1
 390.0  180667  0.823   834  1070  1326 971  25   3   1   0   0  -1  -1.0  -1
 391.0  179747  0.819   834  1071  1327 971  25   3   1   0   0  -1  -1.0  -1
 392.0  178824  0.814   834  1073  1327 970  25   3   1   0   0  -1  -1.0  -1
 393.0  177899  0.810   834  1074  1328 970  25   3   1   0   0  -1  -1.0  -1
 394.0  176971  0.806   834  1076  1328 970  25   3   1   0   0  -1  -1.0  -1
 395.0  176042  0.802   834  1077  1329 970  25   3   1   0   0  -1  -1.0  -1
 396.0  175110  0.797   834  1078  1329 970  25   3   1   0   0  -1  -1.0  -1
 397.0  174177  0.793   834  1080  1330 970  25   3   1   0   0  -1  -1.0  -1
 398.0  173242  0.789   834  1081  1330 970  25   3   1   0   0  -1  -1.0  -1
 399.0  172306  0.785   834  1082  1331 970  26   3   1   0   0  -1  -1.0  -1
 400.0  171369  0.780   834  1084  1331 970  26   3   1   0   0  -1  -1.0  -1
 401.0  170431  0.776   834  1085  1332 969  26   4   1   0   0  -1  -1.0  -1
 402.0  169492  0.772   834  1086  1332 969  26   4   1   0   0  -1  -1.0  -1
 403.0  168553  0.768   834  1088  1333 969  26   4   2   0   0  -1  -1.0  -1
 404.0  167613  0.763   834  1089  1333 969  26   4   2   0   0  -1  -1.0  -1
 405.0  166674  0.759   834  1090  1334 969  26   4   2   0   0  -1  -1.0  -1
 406.0  165734  0.755   834  1092  1334 969  26   4   2   0   0  -1  -1.0  -1
 407.0  164795  0.750   834  1093  1335 969  26   4   2   0   0  -1  -1.0  -1
 408.0  163856  0.746   834  1094  1335 969  26   4   2   0   0  -1  -1.0  -1
 409.0  162918  0.742   834  1096  1336 968  26   4   2   0   0  -1  -1.0  -1
 410.0  161980  0.738   834  1097  1336 968  26   4   2   0   0  -1  -1.0  -1
 411.0  161043  0.733   834  1098  1337 968  26   4   2   0   0  -1  -1.0  -1
 412.0  160107  0.729   834  1099  1337 968  26   4   2   0   0  -1  -1.0  -1
 413.0  159173  0.725   834  1101  1338 968  26   4   2   0   0  -1  -1.0  -1
 414.0  158239  0.721   834  1102  1338 968  26   4   2   0   0  -1  -1.0  -1
 415.0  157308  0.716   834  1103  1339 968  26   4   2   0   0  -1  -1.0  -1
 416.0  156377  0.712   834  1104  1339 967  26   4   2   0   0  -1  -1.0  -1
 417.0  155449  0.708   834  1105  1340 967  26   5   2   0   0  -1  -1.0  -1
 418.0  154522  0.704   834  1106  1341 967  26   5   2   0   0  -1  -1.0  -1
 419.0  153597  0.699   834  1108  1341 967  26   5   2   0   0  -1  -1.0  -1
 420.0  152674  0.695   834  1109  1342 967  26   5   2   0   0  -1  -1.0  -1
 421.0  151754  0.691   834  1110  1342 967  26   5   2   0   0  -1  -1.0  -1
 422.0  150835  0.687   834  1111  1343 967  27   5   2   0   0  -1  -1.0  -1
 423.0  149920  0.683   834  1112  1343 966  27   5   2   0   0  -1  -1.0  -1
 424.0  149006  0.679   834  1113  1344 966  27   5   2   0   0  -1  -1.0  -1
 425.0  148095  0.674   834  1113  1344 966  27   5   2   0   0  -1  -1.0  -1
 426.0  147187  0.670   834  1114  1345 966  27   5   2   0   0  -1  -1.0  -1
 427.0  146282  0.666   834  1115  1345 966  27   5   2   0   0  -1  -1.0  -1
 428.0  145380  0.662   834  1116  1346 966  27   5   2   0   0  -1  -1.0  -1
 429.0  144480  0.658   834  1117  1346 965  27   6   2   0   0  -1  -1.0  -1
 430.0  143584  0.654   834  1117  1347 965  27   6   2   0   0  -1  -1.0  -1
 431.0  142690  0.650   834  1118  1347 965  27   6   2   0   0  -1  -1.0  -1
 432.0  141800  0.646   834  1119  1348 965  27   6   2   0   0  -1  -1.0  -1
 433.0  140914  0.642   834  1119  1348 965  27   6   2   0   0  -1  -1.0  -1
 434.0  140030  0.638   834  1120  1349 965  27   6   2   0   0  -1  -1.0  -1
 435.0  139150  0.634   834  1121  1349 964  27   6   2   0   0  -1  -1.0  -1
 436.0  138274  0.630   834  1121  1350 964  27   6   2   0   0  -1  -1.0  -1
 437.0  137401  0.626   834  1122  1350 964  27   6   2   0   0  -1  -1.0  -1
 438.0  136532  0.622   834  1122  1351 964  27   6   3   0   0  -1  -1.0  -1
 439.0  135666  0.618   834  1123  1351 964  27   6   3   0   0  -1  -1.0  -1
 440.0  134805  0.614   834  1123  1352 963  27   7   3   0   0  -1  -1.0  -1
 441.0  133947  0.610   834  1123  1352 963  27   7   3   0   0  -1  -1.0  -1
 442.0  133093  0.606   834  1124  1353 963  27   7   3   0   0  -1  -1.0  -1
 443.0  132242  0.602   834  1124  1353 963  27   7   3   0   0  -1  -1.0  -1
 444.0  131396  0.598   834  1124  1354 963  27   7   3   0   0  -1  -1.0  -1
 445.0  130554  0.595   834  1125  1354 962  28   7   3   0   0  -1  -1.0  -1
 446.0  129715  0.591   834  1125  1355 962  28   7   3   0   0  -1  -1.0  -1
 447.0  128881  0.587   834  1125  1355 962  28   7   3   0   0  -1  -1.0  -1
 448.0  128051  0.583   834  1125  1356 962  28   8   3   0   0  -1  -1.0  -1
 449.0  127225  0.579   834  1126  1356 962  28   8   3   0   0  -1  -1.0  -1
 450.0  126404  0.576   834  1126  1357 961  28   8   3   0   0  -1  -1.0  -1
 451.0  125586  0.572   834  1126  1357 961  28   8   3   0   0  -1  -1.0  -1
 452.0  124773  0.568   834  1126  1358 961  28   8   3   0   0  -1  -1.0  -1
 453.0  123964  0.565   834  1126  1358 961  28   8   3   0   0  -1  -1.0  -1
 454.0  123159  0.561   834  1126  1359 961  28   8   3   0   0  -1  -1.0  -1
 455.0  122359  0.557   834  1126  1359 960  28   8   3   0   0  -1  -1.0  -1
 456.0  121563  0.554   834  1127  1360 960  28   9   3   0   0  -1  -1.0  -1
 457.0  120771  0.550   834  1127  1360 960  28   9   3   0   0  -1  -1.0  -1
 458.0  119984  0.546   834  1127  1361 960  28   9   3   0   0  -1  -1.0  -1
 459.0  119201  0.543   834  1127  1361 959  28   9   3   0   0  -1  -1.0  -1
 460.0  118423  0.539   834  1127  1362 959  28   9   4   0   0  -1  -1.0  -1
 461.0  117649  0.536   834  1127  1362 959  28   9   4   0   0  -1  -1.0  -1
 462.0  116880  0.532   834  1127  1363 959  28   9   4   0   0  -1  -1.0  -1
 463.0  116115  0.529   834  1127  1363 958  28  10   4   0   0  -1  -1.0  -1
 464.0  115354  0.525   834  1127  1364 958  28  10   4   0   0  -1  -1.0  -1
 465.0  114598  0.522   834  1127  1364 958  28  10   4   0   0  -1  -1.0  -1
 466.0  113847  0.518   834  1127  1365 958  28  10   4   0   0  -1  -1.0  -1
 467.0  113100  0.515   834  1127  1365 957  29  10   4   0   0  -1  -1.0  -1
 468.0  112357  0.512   834  1127  1366 957  29  10   4   0   0  -1  -1.0  -1
 469.0  111619  0.508   834  1128  1366 957  29  11   4   0   0  -1  -1.0  -1
 470.0  110886  0.505   834  1128  1367 957  29  11   4   0   0  -1  -1.0  -1
 471.0  110157  0.502   834  1128  1367 956  29  11   4   0   0  -1  -1.0  -1
 472.0  109433  0.498   834  1128  1368 956  29  11   4   0   0  -1  -1.0  -1
 473.0  108713  0.495   834  1128  1369 956  29  11   4   0   0  -1  -1.0  -1
 474.0  107998  0.492   834  1128  1369 955  29  11   4   0   0  -1  -1.0  -1
 475.0  107287  0.489   834  1128  1370 955  29  12   4   0   0  -1  -1.0  -1
 476.0  106581  0.485   834  1128  1370 955  29  12   4   0   0  -1  -1.0  -1
 477.0  105879  0.482   834  1128  1371 955  29  12   5   0   0  -1  -1.0  -1
 478.0  105182  0.479   834  1128  1371 954  29  12   5   0   0  -1  -1.0  -1
 479.0  104489  0.476   834  1128  1372 954  29  12   5   0   0  -1  -1.0  -1
 480.0  103801  0.473   834  1128  1372 954  29  13   5   0   0  -1  -1.0  -1
 481.0  103117  0.470   834  1128  1373 953  29  13   5   0   0  -1  -1.0  -1
 482.0  102438  0.466   834  1128  1373 953  29  13   5   0   0  -1  -1.0  -1
 483.0  101764  0.463   834  1128  1374 953  29  13   5   0   0  -1  -1.0  -1
 484.0  101093  0.460   834  1128  1374 952  29  13   5   0   0  -1  -1.0  -1
 485.0  100428  0.457   834  1128  1375 952  29  14   5   0   0  -1  -1.0  -1
 486.0   99767  0.454   834  1128  1375 952  29  14   5   0   0  -1  -1.0  -1
 487.0   99110  0.451   834  1128  1376 951  29  14   5   0   0  -1  -1.0  -1
 488.0   98457  0.448   834  1128  1376 951  30  14   5   0   0  -1  -1.0  -1
 489.0   97809  0.445   834  1128  1377 951  30  14   5   0   0  -1  -1.0  -1
 490.0   97166  0.442   834  1128  1377 950  30  15   5   0   0  -1  -1.0  -1
 491.0   96527  0.440   834  1128  1378 950  30  15   6   0   0  -1  -1.0  -1
 492.0   95892  0.437   834  1128  1378 949  30  15   6   0   0  -1  -1.0  -1
 493.0   95262  0.434   834  1128  1379 949  30  15   6   0   0  -1  -1.0  -1
 494.0   94636  0.431   834  1128  1379 949  30  16   6   0   0  -1  -1.0  -1
 495.0   94014  0.428   834  1128  1380 948  30  16   6   0   0  -1  -1.0  -1
 496.0   93397  0.425   834  1128  1380 948  30  16   6   0   0  -1  -1.0  -1
 497.0   92784  0.423   834  1128  1381 948  30  16   6   0   0  -1  -1.0  -1
 498.0   92175  0.420   834  1128  1381 947  30  17   6   0   0  -1  -1.0  -1
 499.0   91570  0.417   834  1128  1382 947  30  17   6   0   0  -1  -1.0  -1
 500.0   90970  0.414   834  1128  1382 946  30  17   6   0   0  -1  -1.0  -1
 501.0   90374  0.412   834  1128  1383 946  30  17   6   0   0  -1  -1.0  -1
 502.0   89782  0.409   834  1128  1383 945  30  18   6   0   0  -1  -1.0  -1
 503.0   89195  0.406   834  1128  1384 945  30  18   7   0   0  -1  -1.0  -1
 504.0   88611  0.404   834  1128  1385 945  30  18   7   0   0  -1  -1.0  -1
 505.0   88032  0.401   834  1128  1385 944  30  19   7   0   0  -1  -1.0  -1
 506.0   87457  0.398   834  1128  1386 944  31  19   7   0   0  -1  -1.0  -1
 507.0   86886  0.396   834  1128  1386 943  31  19   7   0   0  -1  -1.0  -1
 508.0   86319  0.393   834  1128  1387 943  31  20   7   0   0  -1  -1.0  -1
 509.0   85756  0.391   834  1128  1387 942  31  20   7   0   0  -1  -1.0  -1
 510.0   85198  0.388   834  1128  1388 942  31  20   7   0   0  -1  -1.0  -1
 511.0   84643  0.385   834  1128  1388 941  31  20   7   0   0  -1  -1.0  -1
 512.0   84092  0.383   834  1128  1389 941  31  21   7   0   0  -1  -1.0  -1
 513.0   83546  0.380   834  1128  1390 940  31  21   8   0   0  -1  -1.0  -1
 514.0   83003  0.378   834  1128  1390 940  31  21   8   0   0  -1  -1.0  -1
 515.0   82464  0.376   834  1129  1391 939  31  22   8   0   0  -1  -1.0  -1
 516.0   81929  0.373   834  1129  1391 939  31  22   8   0   0  -1  -1.0  -1
 517.0   81399  0.371   834  1129  1392 938  31  22   8   0   0  -1  -1.0  -1
 518.0   80872  0.368   834  1129  1393 938  31  23   8   0   0  -1  -1.0  -1
 519.0   80348  0.366   834  1129  1393 937  31  23   8   0   0  -1  -1.0  -1
 520.0   79829  0.364   834  1129  1394 937  32  24   8   0   0  -1  -1.0  -1
 521.0   79314  0.361   834  1129  1395 936  32  24   8   0   0  -1  -1.0  -1
 522.0   78802  0.359   834  1129  1395 935  32  24   9   0   0  -1  -1.0  -1
 523.0   78294  0.357   834  1129  1396 935  32  25   9   0   0  -1  -1.0  -1
 524.0   77790  0.354   834  1129  1397 934  32  25   9   0   0  -1  -1.0  -1
 525.0   77289  0.352   834  1129  1397 934  32  25   9   0   0  -1  -1.0  -1
 526.0   76793  0.350   834  1129  1398 933  32  26   9   0   0  -1  -1.0  -1
 527.0   76300  0.347   834  1129  1399 932  32  26   9   0   0  -1  -1.0  -1
 528.0   75810  0.345   834  1129  1400 932  32  27   9   0   0  -1  -1.0  -1
 529.0   75324  0.343   834  1129  1400 931  32  27   9   0   0  -1  -1.0  -1
 530.0   74842  0.341   834  1129  1401 931  32  27  10   0   0  -1  -1.0  -1
 531.0   74364  0.339   834  1129  1402 930  32  28  10   0   0  -1  -1.0  -1
 532.0   73889  0.336   834  1129  1403 929  33  28  10   0   0  -1  -1.0  -1
 533.0   73417  0.334   834  1129  1404 929  33  29  10   0   0  -1  -1.0  -1
 534.0   72949  0.332   834  1129  1405 928  33  29  10   0   0  -1  -1.0  -1
 535.0   72485  0.330   834  1129  1406 927  33  30  10   0   0  -1  -1.0  -1
 536.0   72024  0.328   834  1129  1407 927  33  30  10   0   0  -1  -1.0  -1
 537.0   71566  0.326   834  1129  1408 926  33  31  10   0   0  -1  -1.0  -1
 538.0   71112  0.324   834  1129  1410 925  33  31  11   0   0  -1  -1.0  -1
 539.0   70662  0.322   834  1129  1411 924  33  31  11   0   0  -1  -1.0  -1
 540.0   70214  0.320   834  1129  1412 924  33  32  11   0   0  -1  -1.0  -1
 541.0   69770  0.318   834  1129  1413 923  34  32  11   0   0  -1  -1.0  -1
 542.0   69330  0.316   834  1129  1415 922  34  33  11   0   0  -1  -1.0  -1
 543.0   68892  0.314   834  1129  1416 921  34  33  11   0   0  -1  -1.0  -1
 544.0   68458  0.312   834  1129  1418 921  34  34  11   0   0  -1  -1.0  -1
 545.0   68027  0.310   834  1129  1419 920  34  34  12   0   0  -1  -1.0  -1
 546.0   67600  0.308   834  1129  1421 919  34  35  12   0   0  -1  -1.0  -1
 547.0   67176  0.306   834  1129  1423 918  34  36  12   0   0  -1  -1.0  -1
 548.0   66755  0.304   834  1129  1425 917  35  36  12   0   0  -1  -1.0  -1
 549.0   66337  0.302   834  1129  1427 917  35  37  12   0   0  -1  -1.0  -1
 550.0   65922  0.300   834  1129  1429 916  35  37  12   0   0  -1  -1.0  -1
 551.0   65510  0.298   834  1129  1431 915  35  38  12   0   0  -1  -1.0  -1
 552.0   65101  0.296   834  1129  1433 914  35  38  13   0   0  -1  -1.0  -1
 553.0   64696  0.295   834  1129  1435 913  35  39  13   0   0  -1  -1.0  -1
 554.0   64294  0.293   834  1129  1437 912  35  39  13   0   0  -1  -1.0  -1
 555.0   63894  0.291   834  1129  1440 911  36  40  13   0   0  -1  -1.0  -1
 556.0   63498  0.289   834  1129  1442 910  36  41  13   0   0  -1  -1.0  -1
 557.0   63104  0.287   834  1129  1445 909  36  41  13   0   0  -1  -1.0  -1
 558.0   62714  0.286   834  1129  1447 909  36  42  14   0   0  -1  -1.0  -1
 559.0   62326  0.284   834  1129  1450 908  36  42  14   0   0  -1  -1.0  -1
 560.0   61942  0.282   834  1129  1453 907  37  43  14   0   0  -1  -1.0  -1
 561.0   61560  0.280   834  1129  1455 906  37  44  14   0   0  -1  -1.0  -1
 562.0   61181  0.279   834  1129  1458 905  37  44  14   0   0  -1  -1.0  -1
 563.0   60805  0.277   834  1129  1461 904  37  45  14   0   0  -1  -1.0  -1
 564.0   60432  0.275   834  1129  1464 903  37  46  15   0   0  -1  -1.0  -1
 565.0   60062  0.274   834  1129  1467 902  37  46  15   0   0  -1  -1.0  -1
 566.0   59694  0.272   834  1129  1470 901  38  47  15   0   0  -1  -1.0  -1
 567.0   59330  0.270   834  1129  1473 900  38  48  15   0   0  -1  -1.0  -1
 568.0   58968  0.269   834  1129  1476 898  38  48  15   0   0  -1  -1.0  -1
 569.0   58608  0.267   834  1129  1479 897  38  49  15   0   0  -1  -1.0  -1
 570.0   58252  0.265   834  1129  1482 896  39  50  16   0   0  -1  -1.0  -1
 571.0   57898  0.264   834  1129  1486 895  39  50  16   0   0  -1  -1.0  -1
 572.0   57547  0.262   834  1129  1489 894  39  51  16   0   0  -1  -1.0  -1
 573.0   57198  0.260   834  1129  1492 893  39  52  16   0   0  -1  -1.0  -1
 574.0   56852  0.259   834  1129  1495 892  39  52  16   0   0  -1  -1.0  -1
 575.0   56509  0.257   834  1129  1499 891  40  53  16   0   0  -1  -1.0  -1
 576.0   56168  0.256   834  1129  1502 890  40  54  17   0   0  -1  -1.0  -1
 577.0   55830  0.254   834  1129  1505 888  40  55  17   0   0  -1  -1.0  -1
 578.0   55494  0.253   834  1129  1509 887  40  56  17   0   0  -1  -1.0  -1
 579.0   55161  0.251   834  1129  1512 886  41  56  17   0   0  -1  -1.0  -1
 580.0   54831  0.250   834  1129  1515 885  41  57  17   0   0  -1  -1.0  -1
 581.0   54503  0.248   834  1130  1519 884  41  58  17   0   0  -1  -1.0  -1
 582.0   54177  0.247   834  1130  1522 882  41  59  18   0   0  -1  -1.0  -1
 583.0   53854  0.245   834  1130  1526 881  42  60  18   0   0  -1  -1.0  -1
 584.0   53533  0.244   834  1130  1529 880  42  60  18   0   0  -1  -1.0  -1
 585.0   53214  0.242   834  1130  1533 878  42  61  18   0   0  -1  -1.0  -1
 586.0   52898  0.241   834  1130  1536 877  42  62  18   0   0  -1  -1.0  -1
 587.0   52585  0.239   834  1130  1539 876  43  63  19   0   0  -1  -1.0  -1
 588.0   52273  0.238   834  1130  1543 874  43  64  19   0   0  -1  -1.0  -1
 589.0   51964  0.237   834  1130  1546 873  43  65  19   0   0  -1  -1.0  -1
 590.0   51658  0.235   834  1130  1550 872  44  66  19   0   0  -1  -1.0  -1
 591.0   51353  0.234   834  1130  1553 870  44  66  19   0   0  -1  -1.0  -1
 592.0   51051  0.232   834  1130  1557 869  44  67  19   0   0  -1  -1.0  -1
 593.0   50751  0.231   834  1130  1560 868  44  68  20   0   0  -1  -1.0  -1
 594.0   50454  0.230   834  1130  1564 866  45  69  20   0   0  -1  -1.0  -1
 595.0   50158  0.228   834  1130  1567 865  45  70  20   0   0  -1  -1.0  -1
 596.0   49865  0.227   834  1130  1571 863  45  71  20   0   0  -1  -1.0  -1
 597.0   49574  0.226   834  1130  1574 862  46  72  20   0   0  -1  -1.0  -1
 598.0   49285  0.224   834  1130  1578 860  46  73  21   0   0  -1  -1.0  -1
 599.0   48999  0.223   834  1130  1581 859  46  74  21   0   0  -1  -1.0  -1
 600.0   48714  0.222   834  1130  1585 857  46  75  21   0   0  -1  -1.0  -1
 601.0   48432  0.221   834  1130  1589 856  47  76  21   0   0  -1  -1.0  -1
 602.0   48151  0.219   834  1130  1592 854  47  77  21   0   0  -1  -1.0  -1
 603.0   47873  0.218   834  1130  1596 853  47  78  22   0   0  -1  -1.0  -1
 604.0   47597  0.217   834  1130  1599 851  48  79  22   0   0  -1  -1.0  -1
 605.0   47323  0.215   834  1130  1603 850  48  80  22   0   0  -1  -1.0  -1
 606.0   47051  0.214   834  1130  1606 848  48  81  22   0   0  -1  -1.0  -1
 607.0   46781  0.213   834  1130  1610 846  49  82  22   0   0  -1  -1.0  -1
 608.0   46512  0.212   834  1130  1613 845  49  84  23   0   0  -1  -1.0  -1
 609.0   46246  0.211   834  1130  1617 843  49  85  23   0   0  -1  -1.0  -1
 610.0   45982  0.209   834  1130  1620 842  50  86  23   0   0  -1  -1.0  -1
 611.0   45720  0.208   834  1130  1624 840  50  87  23   0   0  -1  -1.0  -1
 612.0   45459  0.207   834  1130  1627 838  50  88  23   0   0  -1  -1.0  -1
 613.0   45201  0.206   834  1130  1631 836  51  89  24   0   0  -1  -1.0  -1
 614.0   44945  0.205   834  1130  1634 835  51  90  24   0   0  -1  -1.0  -1
 615.0   44690  0.204   834  1130  1638 833  51  92  24   0   0  -1  -1.0  -1
 616.0   44437  0.202   834  1130  1642 831  52  93  24   0   0  -1  -1.0  -1
 617.0   44186  0.201   834  1130  1645 830  52  94  25   0   0  -1  -1.0  -1
 618.0   43937  0.200   834  1130  1649 828  52  95  25   0   0  -1  -1.0  -1
 619.0   43690  0.199   834  1130  1652 826  53  97  25   0   0  -1  -1.0  -1
 620.0   43445  0.198   834  1130  1656 824  53  98  25   0   0  -1  -1.0  -1
 621.0   43201  0.197   834  1130  1659 822  53  99  25   0   0  -1  -1.0  -1
 622.0   42959  0.196   834  1130  1663 820  54 100  26   0   0  -1  -1.0  -1
 623.0   42719  0.195   834  1130  1666 819  54 102  26   0   0  -1  -1.0  -1
 624.0   42481  0.193   834  1130  1670 817  54 103  26   0   0  -1  -1.0  -1
 625.0   42244  0.192   834  1130  1673 815  55 104  26   0   0  -1  -1.0  -1
 626.0   42009  0.191   834  1130  1677 813  55 106  27   0   0  -1  -1.0  -1
 627.0   41776  0.190   834  1130  1680 811  55 107  27   0   0  -1  -1.0  -1
 628.0   41545  0.189   834  1130  1684 809  56 108  27   0   0  -1  -1.0  -1
 629.0   41315  0.188   834  1130  1688 807  56 110  27   0   0  -1  -1.0  -1
 630.0   41087  0.187   834  1130  1691 805  56 111  28   0   0  -1  -1.0  -1
 631.0   40860  0.186   834  1130  1695 803  57 113  28   0   0  -1  -1.0  -1
 632.0   40635  0.185   834  1130  1698 801  57 114  28   0   0  -1  -1.0  -1
 633.0   40412  0.184   834  1130  1702 799  57 115  28   0   0  -1  -1.0  -1
 634.0   40191  0.183   834  1130  1705 797  58 117  28   0   0  -1  -1.0  -1
 635.0   39971  0.182   834  1130  1709 795  58 118  29   0   0  -1  -1.0  -1
 636.0   39752  0.181   834  1130  1712 793  58 120  29   0   0  -1  -1.0  -1
 637.0   39535  0.180   834  1130  1716 791  59 121  29   0   0  -1  -1.0  -1
 638.0   39320  0.179   834  1130  1719 789  59 123  29   0   0  -1  -1.0  -1
 639.0   39106  0.178   834  1130  1723 786  59 124  30   0   0  -1  -1.0  -1
 640.0   38894  0.177   834  1130  1727 784  60 126  30   0   0  -1  -1.0  -1
 641.0   38683  0.176   834  1130  1730 782  60 127  30   0   0  -1  -1.0  -1
 642.0   38474  0.175   834  1130  1734 780  61 129  30   0   0  -1  -1.0  -1
 643.0   38266  0.174   834  1130  1737 778  61 131  31   0   0  -1  -1.0  -1
 644.0   38060  0.173   834  1130  1741 776  61 132  31   0   0  -1  -1.0  -1
 645.0   37855  0.172   834  1130  1744 773  62 134  31   0   0  -1  -1.0  -1
 646.0   37652  0.171   834  1130  1748 771  62 136  31   0   0  -1  -1.0  -1
 647.0   37450  0.171   834  1130  1751 769  62 137  32   0   0  -1  -1.0  -1
 648.0   37250  0.170   834  1131  1755 767  63 139  32   0   0  -1  -1.0  -1
 649.0   37051  0.169   834  1131  1758 764  63 141  32   0   0  -1  -1.0  -1
 650.0   36853  0.168   834  1131  1762 762  63 142  32   0   0  -1  -1.0  -1
 651.0   36657  0.167   834  1131  1766 760  64 144  33   0   0  -1  -1.0  -1
 652.0   36462  0.166   834  1131  1769 757  64 146  33   0   0  -1  -1.0  -1
 653.0   36269  0.165   834  1131  1773 755  64 147  33   0   0  -1  -1.0  -1
 654.0   36077  0.164   834  1131  1776 753  65 149  33   0   0  -1  -1.0  -1
 655.0   35886  0.163   834  1131  1780 750  65 151  34   0   0  -1  -1.0  -1
 656.0   35697  0.163   834  1131  1783 748  66 153  34   0   0  -1  -1.0  -1
 657.0   35509  0.162   834  1131  1787 745  66 155  34   0   0  -1  -1.0  -1
 658.0   35322  0.161   834  1131  1790 743  66 156  35   0   0  -1  -1.0  -1
 659.0   35137  0.160   834  1131  1794 740  67 158  35   0   0  -1  -1.0  -1
 660.0   34953  0.159   834  1131  1797 738  67 160  35   0   0  -1  -1.0  -1
 661.0   34770  0.158   834  1131  1801 735  67 162  35   0   0  -1  -1.0  -1
 662.0   34589  0.158   834  1131  1804 733  68 164  36   0   0  -1  -1.0  -1
 663.0   34408  0.157   834  1131  1808 730  68 166  36   0   0  -1  -1.0  -1
 664.0   34229  0.156   834  1131  1812 728  68 168  36   0   0  -1  -1.0  -1
 665.0   34052  0.155   834  1131  1815 725  69 170  36   0   0  -1  -1.0  -1
 666.0   33875  0.154   834  1131  1819 723  69 172  37   0   0  -1  -1.0  -1
 667.0   33700  0.153   834  1131  1822 720  69 173  37   0   0  -1  -1.0  -1
 668.0   33526  0.153   834  1131  1826 718  70 175  37   0   0  -1  -1.0  -1
 669.0   33353  0.152   834  1131  1829 715  70 177  37   0   0  -1  -1.0  -1
 670.0   33182  0.151   834  1131  1833 712  70 179  38   0   0  -1  -1.0  -1
 671.0   33011  0.150   834  1131  1836 710  71 181  38   0   0  -1  -1.0  -1
 672.0   32842  0.150   834  1131  1840 707  71 183  38   0   0  -1  -1.0  -1
 673.0   32674  0.149   834  1131  1843 704  71 186  39   0   0  -1  -1.0  -1
 674.0   32507  0.148   834  1131  1847 702  72 188  39   0   0  -1  -1.0  -1
 675.0   32341  0.147   834  1131  1851 699  72 190  39   0   0  -1  -1.0  -1
 676.0   32176  0.147   834  1131  1854 696  72 192  39   0   0  -1  -1.0  -1
 677.0   32013  0.146   834  1131  1858 694  73 194  40   0   0  -1  -1.0  -1
 678.0   31850  0.145   834  1131  1861 691  73 196  40   0   0  -1  -1.0  -1
 679.0   31689  0.144   834  1131  1865 688  73 198  40   0   0  -1  -1.0  -1
 680.0   31529  0.144   834  1131  1868 685  74 200  40   0   0  -1  -1.0  -1
 681.0   31370  0.143   834  1131  1872 683  74 202  41   0   0  -1  -1.0  -1
 682.0   31212  0.142   834  1131  1875 680  74 205  41   0   0  -1  -1.0  -1
 683.0   31055  0.141   834  1131  1879 677  75 207  41   0   0  -1  -1.0  -1
 684.0   30899  0.141   834  1131  1882 674  75 209  42   0   0  -1  -1.0  -1
 685.0   30744  0.140   834  1131  1886 672  75 211  42   0   0  -1  -1.0  -1
 686.0   30591  0.139   834  1131  1889 669  76 213  42   0   0  -1  -1.0  -1
 687.0   30438  0.139   834  1131  1893 666  76 216  42   0   0  -1  -1.0  -1
 688.0   30286  0.138   834  1131  1897 663  76 218  43   0   0  -1  -1.0  -1
 689.0   30136  0.137   834  1131  1900 660  77 220  43   0   0  -1  -1.0  -1
 690.0   29986  0.137   834  1131  1904 657  77 222  43   0   0  -1  -1.0  -1
 691.0   29838  0.136   834  1131  1907 655  77 225  43   0   0  -1  -1.0  -1
 692.0   29690  0.135   834  1131  1911 652  78 227  44   0   0  -1  -1.0  -1
 693.0   29543  0.135   834  1131  1914 649  78 229  44   0   0  -1  -1.0  -1
 694.0   29398  0.134   834  1131  1918 646  78 232  44   0   0  -1  -1.0  -1
 695.0   29253  0.133   834  1131  1921 643  78 234  45   0   0  -1  -1.0  -1
 696.0   29110  0.133   834  1131  1925 640  79 236  45   0   0  -1  -1.0  -1
 697.0   28967  0.132   834  1131  1928 637  79 239  45   0   0  -1  -1.0  -1
 698.0   28825  0.131   834  1131  1932 634  79 241  45   0   0  -1  -1.0  -1
 699.0   28684  0.131   834  1131  1936 632  80 243  46   0   0  -1  -1.0  -1
 700.0   28544  0.130   834  1131  1939 629  80 246  46   0   0  -1  -1.0  -1
 701.0   28406  0.129   834  1131  1943 626  80 248  46   0   0  -1  -1.0  -1
 702.0   28268  0.129   834  1131  1946 623  80 250  46   0   0  -1  -1.0  -1
 703.0   28131  0.128   834  1131  1950 620  81 253  47   0   0  -1  -1.0  -1
 704.0   27994  0.127   834  1131  1953 617  81 255  47   0   0  -1  -1.0  -1
 705.0   27859  0.127   834  1131  1957 614  81 257  47   0   0  -1  -1.0  -1
 706.0   27725  0.126   834  1131  1960 611  81 260  48   0   0  -1  -1.0  -1
 707.0   27591  0.126   834  1131  1964 608  82 262  48   0   0  -1  -1.0  -1
 708.0   27459  0.125   834  1131  1967 605  82 265  48   0   0  -1  -1.0  -1
 709.0   27327  0.124   834  1131  1971 603  82 267  48   0   0  -1  -1.0  -1
 710.0   27196  0.124   834  1131  1974 600  82 269  49   0   0  -1  -1.0  -1
 711.0   27066  0.123   834  1131  1978 597  83 272  49   0   0  -1  -1.0  -1
 712.0   26937  0.123   834  1131  1982 594  83 274  49   0   0  -1  -1.0  -1
 713.0   26809  0.122   834  1131  1985 591  83 277  49   0   0  -1  -1.0  -1
 714.0   26681  0.122   834  1132  1989 588  83 279  50   0   0  -1  -1.0  -1
 715.0   26555  0.121   834  1132  1992 585  83 281  50   0   0  -1  -1.0  -1
 716.0   26429  0.120   834  1132  1996 582  84 284  50   0   0  -1  -1.0  -1
 717.0   26304  0.120   834  1132  1999 580  84 286  50   0   0  -1  -1.0  -1
 718.0   26180  0.119   834  1132  2003 577  84 289  51   0   0  -1  -1.0  -1
 719.0   26056  0.119   834  1132  2006 574  84 291  51   0   0  -1  -1.0  -1
 720.0   25934  0.118   834  1132  2010 571  84 293  51   0   0  -1  -1.0  -1
 721.0   25812  0.118   834  1132  2013 568  84 296  51   0   0  -1  -1.0  -1
 722.0   25691  0.117   834  1132  2017 565  85 298  52   0   0  -1  -1.0  -1
 723.0   25571  0.116   834  1132  2020 563  85 301  52   0   0  -1  -1.0  -1
 724.0   25452  0.116   834  1132  2024 560  85 303  52   0   0  -1  -1.0  -1
 725.0   25333  0.115   834  1132  2028 557  85 305  53   0   0  -1  -1.0  -1
 726.0   25215  0.115   834  1132  2031 554  85 308  53   0   0  -1  -1.0  -1
 727.0   25098  0.114   834  1132  2035 552  85 310  53   0   0  -1  -1.0  -1
 728.0   24982  0.114   834  1132  2038 549  86 312  53   0   0  -1  -1.0  -1
 729.0   24866  0.113   834  1132  2042 546  86 315  54   0   0  -1  -1.0  -1
 730.0   24751  0.113   834  1132  2045 544  86 317  54   0   0  -1  -1.0  -1
 731.0   24637  0.112   834  1132  2049 541  86 319  54   0   0  -1  -1.0  -1
 732.0   24524  0.112   834  1132  2052 538  86 322  54   0   0  -1  -1.0  -1
 733.0   24411  0.111   834  1132  2056 536  86 324  55   0   0  -1  -1.0  -1
 734.0   24299  0.111   834  1132  2059 533  86 326  55   0   0  -1  -1.0  -1
 735.0   24188  0.110   834  1132  2063 530  86 328  55   0   0  -1  -1.0  -1
 736.0   24078  0.110   834  1132  2066 528  86 331  55   0   0  -1  -1.0  -1
 737.0   23968  0.109   834  1132  2070 525  86 333  56   0   0  -1  -1.0  -1
 738.0   23859  0.109   834  1132  2073 523  86 335  56   0   0  -1  -1.0  -1
 739.0   23750  0.108   834  1132  2077 520  87 337  56   0   0  -1  -1.0  -1
 740.0   23642  0.108   834  1132  2081 518  87 339  56   0   0  -1  -1.0  -1
 741.0   23535  0.107   834  1132  2084 515  87 342  57   0   0  -1  -1.0  -1
 742.0   23429  0.107   834  1132  2088 513  87 344  57   0   0  -1  -1.0  -1
 743.0   23323  0.106   834  1132  2091 510  87 346  57   0   0  -1  -1.0  -1
 744.0   23218  0.106   834  1132  2095 508  87 348  57   0   0  -1  -1.0  -1
 745.0   23114  0.105   834  1132  2098 505  87 350  58   0   0  -1  -1.0  -1
 746.0   23010  0.105   834  1132  2102 503  87 352  58   0   0  -1  -1.0  -1
 747.0   22907  0.104   834  1132  2105 501  87 355  58   0   0  -1  -1.0  -1
 748.0   22805  0.104   834  1132  2109 498  87 357  58   0   0  -1  -1.0  -1
 749.0   22703  0.103   834  1132  2112 496  87 359  58   0   0  -1  -1.0  -1
 750.0   22602  0.103   834  1132  2116 494  87 361  59   0   0  -1  -1.0  -1
 751.0   22501  0.102   834  1132  2119 491  87 363  59   0   0  -1  -1.0  -1
 752.0   22401  0.102   834  1132  2123 489  87 365  59   0   0  -1  -1.0  -1
 753.0   22302  0.102   834  1132  2126 487  87 367  59   0   0  -1  -1.0  -1
 754.0   22203  0.101   834  1132  2130 485  87 369  60   0   0  -1  -1.0  -1
 755.0   22105  0.101   834  1132  2133 483  87 371  60   0   0  -1  -1.0  -1
 756.0   22008  0.100   834  1132  2137 480  87 373  60   0   0  -1  -1.0  -1
 757.0   21911  0.100   834  1132  2140 478  87 375  60   0   0  -1  -1.0  -1
 758.0   21815  0.099   834  1132  2144 476  87 377  61   0   0  -1  -1.0  -1
 759.0   21719  0.099   834  1132  2147 474  86 379  61   0   0  -1  -1.0  -1
 760.0   21624  0.098   834  1132  2151 472  86 381  61   0   0  -1  -1.0  -1
 761.0   21530  0.098   834  1132  2154 470  86 383  61   0   0  -1  -1.0  -1
 762.0   21436  0.098   834  1132  2158 468  86 384  62   0   0  -1  -1.0  -1
 763.0   21342  0.097   834  1132  2161 466  86 386  62   0   0  -1  -1.0  -1
 764.0   21250  0.097   834  1132  2165 464  86 388  62   0   0  -1  -1.0  -1
 765.0   21158  0.096   834  1132  2168 461  86 390  62   0   0  -1  -1.0  -1
 766.0   21066  0.096   834  1132  2172 459  86 392  63   0   0  -1  -1.0  -1
 767.0   20975  0.096   834  1132  2175 457  86 394  63   0   0  -1  -1.0  -1
 768.0   20884  0.095   834  1132  2179 455  86 396  63   0   0  -1  -1.0  -1
 769.0   20794  0.095   834  1132  2182 454  86 397  63   0   0  -1  -1.0  -1
 770.0   20705  0.094   834  1132  2186 452  86 399  64   0   0  -1  -1.0  -1
 771.0   20616  0.094   834  1132  2189 450  86 401  64   0   0  -1  -1.0  -1
 772.0   20528  0.093   834  1132  2193 448  86 403  64   0   0  -1  -1.0  -1
 773.0   20440  0.093   834  1132  2196 446  85 405  64   0   0  -1  -1.0  -1
 774.0   20353  0.093   834  1132  2200 444  85 406  65   0   0  -1  -1.0  -1
 775.0   20266  0.092   834  1132  2203 442  85 408  65   0   0  -1  -1.0  -1
 776.0   20180  0.092   834  1132  2206 440  85 410  65   0   0  -1  -1.0  -1
 777.0   20094  0.092   834  1132  2210 438  85 412  65   0   0  -1  -1.0  -1
 778.0   20009  0.091   834  1132  2213 436  85 413  65   0   0  -1  -1.0  -1
 779.0   19924  0.091   834  1132  2217 434  85 415  66   0   0  -1  -1.0  -1
 780.0   19840  0.090   834  1133  2220 433  85 417  66   0   0  -1  -1.0  -1
 781.0   19757  0.090   834  1133  2224 431  84 418  66   0   0  -1  -1.0  -1
 782.0   19673  0.090   834  1133  2227 429  84 420  66   0   0  -1  -1.0  -1
 783.0   19591  0.089   834  1133  2231 427  84 422  67   0   0  -1  -1.0  -1
 784.0   19509  0.089   834  1133  2234 425  84 424  67   0   0  -1  -1.0  -1
 785.0   19427  0.088   834  1133  2237 424  84 425  67   0   0  -1  -1.0  -1
 786.0   19346  0.088   834  1133  2241 422  84 427  67   0   0  -1  -1.0  -1
 787.0   19265  0.088   834  1133  2244 420  84 429  68   0   0  -1  -1.0  -1
 788.0   19185  0.087   834  1133  2247 418  84 430  68   0   0  -1  -1.0  -1
 789.0   19105  0.087   834  1133  2251 417  83 432  68   0   0  -1  -1.0  -1
 790.0   19026  0.087   834  1133  2254 415  83 434  68   0   0  -1  -1.0  -1
 791.0   18947  0.086   834  1133  2258 413  83 435  69   0   0  -1  -1.0  -1
 792.0   18869  0.086   834  1133  2261 411  83 437  69   0   0  -1  -1.0  -1
 793.0   18791  0.086   834  1133  2264 410  83 438  69   0   0  -1  -1.0  -1
 794.0   18713  0.085   834  1133  2268 408  83 440  69   0   0  -1  -1.0  -1
 795.0   18636  0.085   834  1133  2271 406  83 442  70   0   0  -1  -1.0  -1
 796.0   18560  0.085   834  1133  2274 404  82 443  70   0   0  -1  -1.0  -1
 797.0   18484  0.084   834  1133  2277 403  82 445  70   0   0  -1  -1.0  -1
 798.0   18408  0.084   834  1133  2281 401  82 447  70   0   0  -1  -1.0  -1
 799.0   18333  0.083   834  1133  2284 399  82 448  71   0   0  -1  -1.0  -1
 800.0   18258  0.083   834  1133  2287 398  82 450  71   0   0  -1  -1.0  -1
 801.0   18184  0.083   834  1133  2291 396  82 451  71   0   0  -1  -1.0  -1
 802.0   18110  0.082   834  1133  2294 394  81 453  71   0   0  -1  -1.0  -1
 803.0   18037  0.082   834  1133  2297 393  81 455  72   0   0  -1  -1.0  -1
 804.0   17964  0.082   834  1133  2300 391  81 456  72   0   0  -1  -1.0  -1
 805.0   17891  0.081   834  1133  2303 389  81 458  72   0   0  -1  -1.0  -1
 806.0   17819  0.081   834  1133  2307 388  81 459  72   0   0  -1  -1.0  -1
 807.0   17747  0.081   834  1133  2310 386  81 461  72   0   0  -1  -1.0  -1
 808.0   17676  0.080   834  1133  2313 384  80 462  73   0   0  -1  -1.0  -1
 809.0   17605  0.080   834  1133  2316 383  80 464  73   0   0  -1  -1.0  -1
 810.0   17534  0.080   834  1133  2319 381  80 466  73   0   0  -1  -1.0  -1
 811.0   17464  0.080   834  1133  2322 379  80 467  73   0   0  -1  -1.0  -1
 812.0   17394  0.079   834  1133  2325 378  80 469  74   0   0  -1  -1.0  -1
 813.0   17325  0.079   834  1133  2328 376  80 470  74   0   0  -1  -1.0  -1
 814.0   17256  0.079   834  1133  2331 375  79 472  74   0   0  -1  -1.0  -1
 815.0   17188  0.078   834  1133  2334 373  79 473  74   0   0  -1  -1.0  -1
 816.0   17119  0.078   834  1133  2337 371  79 475  75   0   0  -1  -1.0  -1
 817.0   17052  0.078   834  1133  2340 370  79 476  75   0   0  -1  -1.0  -1
 818.0   16984  0.077   834  1133  2343 368  79 478  75   0   0  -1  -1.0  -1
 819.0   16917  0.077   834  1133  2346 367  79 479  75   0   0  -1  -1.0  -1
 820.0   16851  0.077   834  1133  2349 365  78 481  76   0   0  -1  -1.0  -1
 821.0   16784  0.076   834  1133  2351 363  78 483  76   0   0  -1  -1.0  -1
 822.0   16719  0.076   834  1133  2354 362  78 484  76   0   0  -1  -1.0  -1
 823.0   16653  0.076   834  1133  2357 360  78 486  76   0   0  -1  -1.0  -1
 824.0   16588  0.076   834  1133  2360 359  78 487  77   0   0  -1  -1.0  -1
 825.0   16523  0.075   834  1133  2362 357  78 489  77   0   0  -1  -1.0  -1
 826.0   16459  0.075   834  1133  2365 356  77 490  77   0   0  -1  -1.0  -1
 827.0   16395  0.075   834  1133  2368 354  77 492  77   0   0  -1  -1.0  -1
 828.0   16331  0.074   834  1133  2370 352  77 493  77   0   0  -1  -1.0  -1
 829.0   16268  0.074   834  1133  2373 351  77 495  78   0   0  -1  -1.0  -1
 830.0   16205  0.074   834  1133  2375 349  77 496  78   0   0  -1  -1.0  -1
 831.0   16142  0.074   834  1133  2378 348  76 498  78   0   0  -1  -1.0  -1
 832.0   16080  0.073   834  1133  2380 346  76 499  78   0   0  -1  -1.0  -1
 833.0   16018  0.073   834  1133  2383 345  76 501  79   0   0  -1  -1.0  -1
 834.0   15957  0.073   834  1133  2385 343  76 502  79   0   0  -1  -1.0  -1
 835.0   15895  0.072   834  1133  2387 342  76 504  79   0   0  -1  -1.0  -1
 836.0   15834  0.072   834  1133  2390 340  76 505  79   0   0  -1  -1.0  -1
 837.0   15774  0.072   834  1133  2392 339  75 506  80   0   0  -1  -1.0  -1
 838.0   15714  0.072   834  1133  2394 337  75 508  80   0   0  -1  -1.0  -1
 839.0   15654  0.071   834  1133  2396 336  75 509  80   0   0  -1  -1.0  -1
 840.0   15594  0.071   834  1133  2398 334  75 511  80   0   0  -1  -1.0  -1
 841.0   15535  0.071   834  1133  2400 333  75 512  81   0   0  -1  -1.0  -1
 842.0   15476  0.070   834  1133  2402 331  74 514  81   0   0  -1  -1.0  -1
 843.0   15418  0.070   834  1133  2404 330  74 515  81   0   0  -1  -1.0  -1
 844.0   15359  0.070   834  1133  2406 328  74 517  81   0   0  -1  -1.0  -1
 845.0   15301  0.070   834  1133  2408 327  74 518  81   0   0  -1  -1.0  -1
 846.0   15244  0.069   834  1133  2410 325  74 520  82   0   0  -1  -1.0  -1
 847.0   15187  0.069   834  1134  2412 324  73 521  82   0   0  -1  -1.0  -1
 848.0   15130  0.069   834  1134  2413 322  73 522  82   0   0  -1  -1.0  -1
 849.0   15073  0.069   834  1134  2415 321  73 524  82   0   0  -1  -1.0  -1
 850.0   15017  0.068   834  1134  2417 319  73 525  83   0   0  -1  -1.0  -1
 851.0   14960  0.068   834  1134  2418 318  73 527  83   0   0  -1  -1.0  -1
 852.0   14905  0.068   834  1134  2420 316  73 528  83   0   0  -1  -1.0  -1
 853.0   14849  0.068   834  1134  2421 315  72 529  83   0   0  -1  -1.0  -1
 854.0   14794  0.067   834  1134  2423 313  72 531  83   0   0  -1  -1.0  -1
 855.0   14739  0.067   834  1134  2424 312  72 532  84   0   0  -1  -1.0  -1
 856.0   14685  0.067   834  1134  2426 311  72 534  84   0   0  -1  -1.0  -1
 857.0   14630  0.067   834  1134  2427 309  72 535  84   0   0  -1  -1.0  -1
 858.0   14576  0.066   834  1134  2428 308  71 536  84   0   0  -1  -1.0  -1
 859.0   14523  0.066   834  1134  2429 306  71 538  85   0   0  -1  -1.0  -1
 860.0   14469  0.066   834  1134  2430 305  71 539  85   0   0  -1  -1.0  -1
 861.0   14416  0.066   834  1134  2432 304  71 541  85   0   0  -1  -1.0  -1
 862.0   14363  0.065   834  1134  2433 302  71 542  85   0   0  -1  -1.0  -1
 863.0   14311  0.065   834  1134  2434 301  70 543  85   0   0  -1  -1.0  -1
 864.0   14259  0.065   834  1134  2435 299  70 545  86   0   0  -1  -1.0  -1
 865.0   14207  0.065   834  1134  2436 298  70 546  86   0   0  -1  -1.0  -1
 866.0   14155  0.064   834  1134  2436 297  70 547  86   0   0  -1  -1.0  -1
 867.0   14103  0.064   834  1134  2437 295  70 549  86   0   0  -1  -1.0  -1
 868.0   14052  0.064   834  1134  2438 294  70 550  87   0   0  -1  -1.0  -1
 869.0   14001  0.064   834  1134  2439 293  69 551  87   0   0  -1  -1.0  -1
 870.0   13951  0.064   834  1134  2440 291  69 552  87   0   0  -1  -1.0  -1
 871.0   13900  0.063   834  1134  2440 290  69 554  87   0   0  -1  -1.0  -1
 872.0   13850  0.063   834  1134  2441 289  69 555  87   0   0  -1  -1.0  -1
 873.0   13801  0.063   834  1134  2442 287  69 556  88   0   0  -1  -1.0  -1
 874.0   13751  0.063   834  1134  2442 286  68 558  88   0   0  -1  -1.0  -1
 875.0   13702  0.062   834  1134  2443 285  68 559  88   0   0  -1  -1.0  -1
 876.0   13653  0.062   834  1134  2443 283  68 560  88   0   0  -1  -1.0  -1
 877.0   13604  0.062   834  1134  2444 282  68 561  88   0   0  -1  -1.0  -1
 878.0   13555  0.062   834  1134  2444 281  68 563  89   0   0  -1  -1.0  -1
 879.0   13507  0.062   834  1134  2444 280  68 564  89   0   0  -1  -1.0  -1
 880.0   13459  0.061   834  1134  2445 278  67 565  89   0   0  -1  -1.0  -1
 881.0   13411  0.061   834  1134  2445 277  67 566  89   0   0  -1  -1.0  -1
 882.0   13364  0.061   834  1134  2446 276  67 568  89   0   0  -1  -1.0  -1
 883.0   13316  0.061   834  1134  2446 275  67 569  90   0   0  -1  -1.0  -1
 884.0   13269  0.060   834  1134  2446 273  67 570  90   0   0  -1  -1.0  -1
 885.0   13223  0.060   834  1134  2446 272  67 571  90   0   0  -1  -1.0  -1
 886.0   13176  0.060   834  1134  2447 271  66 572  90   0   0  -1  -1.0  -1
 887.0   13130  0.060   834  1134  2447 270  66 573  91   0   0  -1  -1.0  -1
 888.0   13084  0.060   834  1134  2447 269  66 575  91   0   0  -1  -1.0  -1
 889.0   13038  0.059   834  1134  2447 267  66 576  91   0   0  -1  -1.0  -1
 890.0   12992  0.059   834  1134  2447 266  66 577  91   0   0  -1  -1.0  -1
 891.0   12947  0.059   834  1134  2447 265  65 578  91   0   0  -1  -1.0  -1
 892.0   12902  0.059   834  1134  2448 264  65 579  91   0   0  -1  -1.0  -1
 893.0   12857  0.059   834  1134  2448 263  65 580  92   0   0  -1  -1.0  -1
 894.0   12812  0.058   834  1134  2448 262  65 581  92   0   0  -1  -1.0  -1
 895.0   12768  0.058   834  1134  2448 261  65 583  92   0   0  -1  -1.0  -1
 896.0   12724  0.058   834  1134  2448 259  65 584  92   0   0  -1  -1.0  -1
 897.0   12680  0.058   834  1134  2448 258  65 585  92   0   0  -1  -1.0  -1
 898.0   12636  0.058   834  1134  2448 257  64 586  93   0   0  -1  -1.0  -1
 899.0   12592  0.057   834  1134  2448 256  64 587  93   0   0  -1  -1.0  -1
 900.0   12549  0.057   834  1134  2448 255  64 588  93   0   0  -1  -1.0  -1
 901.0   12506  0.057   834  1134  2448 254  64 589  93   0   0  -1  -1.0  -1
 902.0   12463  0.057   834  1134  2448 253  64 590  93   0   0  -1  -1.0  -1
 903.0   12420  0.057   834  1134  2447 252  64 591  94   0   0  -1  -1.0  -1
 904.0   12378  0.056   834  1134  2447 251  63 592  94   0   0  -1  -1.0  -1
 905.0   12336  0.056   834  1134  2447 250  63 593  94   0   0  -1  -1.0  -1
 906.0   12294  0.056   834  1134  2447 249  63 594  94   0   0  -1  -1.0  -1
 907.0   12252  0.056   834  1134  2447 248  63 595  94   0   0  -1  -1.0  -1
 908.0   12210  0.056   834  1134  2447 247  63 596  94   0   0  -1  -1.0  -1
 909.0   12169  0.055   834  1134  2447 246  63 597  95   0   0  -1  -1.0  -1
 910.0   12128  0.055   834  1134  2447 245  63 598  95   0   0  -1  -1.0  -1
 911.0   12087  0.055   834  1134  2446 244  62 599  95   0   0  -1  -1.0  -1
 912.0   12046  0.055   834  1134  2446 243  62 600  95   0   0  -1  -1.0  -1
 913.0   12006  0.055   834  1135  2446 242  62 601  95   0   0  -1  -1.0  -1
 914.0   11965  0.054   834  1135  2446 241  62 602  95   0   0  -1  -1.0  -1
 915.0   11925  0.054   834  1135  2446 240  62 603  96   0   0  -1  -1.0  -1
 916.0   11885  0.054   834  1135  2446 239  62 603  96   0   0  -1  -1.0  -1
 917.0   11845  0.054   834  1135  2445 238  62 604  96   0   0  -1  -1.0  -1
 918.0   11806  0.054   834  1135  2445 237  61 605  96   0   0  -1  -1.0  -1
 919.0   11766  0.054   834  1135  2445 236  61 606  96   0   0  -1  -1.0  -1
 920.0   11727  0.053   834  1135  2445 235  61 607  97   0   0  -1  -1.0  -1
 921.0   11688  0.053   834  1135  2445 234  61 608  97   0   0  -1  -1.0  -1
 922.0   11649  0.053   834  1135  2444 234  61 609  97   0   0  -1  -1.0  -1
 923.0   11611  0.053   834  1135  2444 233  61 610  97   0   0  -1  -1.0  -1
 924.0   11572  0.053   834  1135  2444 232  61 611  97   0   0  -1  -1.0  -1
 925.0   11534  0.053   834  1135  2444 231  60 611  97   0   0  -1  -1.0  -1
 926.0   11496  0.052   834  1135  2443 230  60 612  97   0   0  -1  -1.0  -1
 927.0   11458  0.052   834  1135  2443 229  60 613  98   0   0  -1  -1.0  -1
 928.0   11421  0.052   834  1135  2443 228  60 614  98   0   0  -1  -1.0  -1
 929.0   11383  0.052   834  1135  2443 227  60 615  98   0   0  -1  -1.0  -1
 930.0   11346  0.052   834  1135  2442 227  60 616  98   0   0  -1  -1.0  -1
 931.0   11309  0.051   834  1135  2442 226  60 616  98   0   0  -1  -1.0  -1
 932.0   11272  0.051   834  1135  2442 225  60 617  98   0   0  -1  -1.0  -1
 933.0   11235  0.051   834  1135  2441 224  59 618  99   0   0  -1  -1.0  -1
 934.0   11199  0.051   834  1135  2441 223  59 619  99   0   0  -1  -1.0  -1
 935.0   11162  0.051   834  1135  2441 222  59 620  99   0   0  -1  -1.0  -1
 936.0   11126  0.051   834  1135  2441 222  59 620  99   0   0  -1  -1.0  -1
 937.0   11090  0.051   834  1135  2440 221  59 621  99   0   0  -1  -1.0  -1
 938.0   11054  0.050   834  1135  2440 220  59 622  99   0   0  -1  -1.0  -1
 939.0   11018  0.050   834  1135  2440 219  59 623 100   0   0  -1  -1.0  -1
 940.0   10983  0.050   834  1135  2439 218  59 623 100   0   0  -1  -1.0  -1
 941.0   10948  0.050   834  1135  2439 218  58 624 100   0   0  -1  -1.0  -1
 942.0   10912  0.050   834  1135  2439 217  58 625 100   0   0  -1  -1.0  -1
 943.0   10877  0.050   834  1135  2439 216  58 626 100   0   0  -1  -1.0  -1
 944.0   10843  0.049   834  1135  2438 215  58 626 100   0   0  -1  -1.0  -1
 945.0   10808  0.049   834  1135  2438 214  58 627 101   0   0  -1  -1.0  -1
 946.0   10773  0.049   834  1135  2438 214  58 628 101   0   0  -1  -1.0  -1
 947.0   10739  0.049   834  1135  2437 213  58 629 101   0   0  -1  -1.0  -1
 948.0   10705  0.049   834  1135  2437 212  58 629 101   0   0  -1  -1.0  -1
 949.0   10671  0.049   834  1135  2437 211  57 630 101   0   0  -1  -1.0  -1
 950.0   10637  0.048   834  1135  2436 211  57 631 101   0   0  -1  -1.0  -1
 951.0   10603  0.048   834  1135  2436 210  57 632 101   0   0  -1  -1.0  -1
 952.0   10570  0.048   834  1135  2436 209  57 632 102   0   0  -1  -1.0  -1
 953.0   10536  0.048   834  1135  2436 208  57 633 102   0   0  -1  -1.0  -1
 954.0   10503  0.048   834  1135  2435 208  57 634 102   0   0  -1  -1.0  -1
 955.0   10470  0.048   834  1135  2435 207  57 634 102   0   0  -1  -1.0  -1
 956.0   10437  0.048   834  1135  2435 206  57 635 102   0   0  -1  -1.0  -1
 957.0   10404  0.047   834  1135  2434 205  57 636 102   0   0  -1  -1.0  -1
 958.0   10372  0.047   834  1135  2434 205  56 637 102   0   0  -1  -1.0  -1
 959.0   10339  0.047   834  1135  2434 204  56 637 103   0   0  -1  -1.0  -1
 960.0   10307  0.047   834  1135  2433 203  56 638 103   0   0  -1  -1.0  -1
 961.0   10275  0.047   834  1135  2433 202  56 639 103   0   0  -1  -1.0  -1
 962.0   10243  0.047   834  1135  2433 202  56 639 103   0   0  -1  -1.0  -1
 963.0   10211  0.046   834  1135  2432 201  56 640 103   0   0  -1  -1.0  -1
 964.0   10179  0.046   834  1135  2432 200  56 641 103   0   0  -1  -1.0  -1
 965.0   10148  0.046   834  1135  2432 199  56 642 103   0   0  -1  -1.0  -1
 966.0   10117  0.046   834  1135  2431 198  56 642 104   0   0  -1  -1.0  -1
 967.0   10085  0.046   834  1135  2431 198  55 643 104   0   0  -1  -1.0  -1
 968.0   10054  0.046   834  1135  2431 197  55 644 104   0   0  -1  -1.0  -1
 969.0   10023  0.046   834  1135  2430 196  55 645 104   0   0  -1  -1.0  -1
 970.0    9992  0.046   834  1135  2430 195  55 645 104   0   0  -1  -1.0  -1
 971.0    9962  0.045   834  1135  2430 195  55 646 104   0   0  -1  -1.0  -1
 972.0    9931  0.045   834  1135  2429 194  55 647 104   0   0  -1  -1.0  -1
 973.0    9901  0.045   834  1135  2429 193  55 648 105   0   0  -1  -1.0  -1
 974.0    9871  0.045   834  1135  2429 192  55 648 105   0   0  -1  -1.0  -1
 975.0    9840  0.045   834  1135  2428 192  55 649 105   0   0  -1  -1.0  -1
 976.0    9810  0.045   834  1135  2428 191  54 650 105   0   0  -1  -1.0  -1
 977.0    9781  0.045   834  1135  2428 190  54 651 105   0   0  -1  -1.0  -1
 978.0    9751  0.044   834  1135  2427 189  54 651 105   0   0  -1  -1.0  -1
 979.0    9721  0.044   834  1135  2427 189  54 652 105   0   0  -1  -1.0  -1
 980.0    9692  0.044   834  1136  2427 188  54 653 105   0   0  -1  -1.0  -1
 981.0    9663  0.044   834  1136  2426 187  54 653 106   0   0  -1  -1.0  -1
 982.0    9634  0.044   834  1136  2426 186  54 654 106   0   0  -1  -1.0  -1
 983.0    9604  0.044   834  1136  2426 186  54 655 106   0   0  -1  -1.0  -1
 984.0    9576  0.044   834  1136  2425 185  54 656 106   0   0  -1  -1.0  -1
 985.0    9547  0.043   834  1136  2425 184  53 656 106   0   0  -1  -1.0  -1
 986.0    9518  0.043   834  1136  2425 183  53 657 106   0   0  -1  -1.0  -1
 987.0    9490  0.043   834  1136  2424 183  53 658 106   0   0  -1  -1.0  -1
 988.0    9461  0.043   834  1136  2424 182  53 658 106   0   0  -1  -1.0  -1
 989.0    9433  0.043   834  1136  2424 181  53 659 107   0   0  -1  -1.0  -1
 990.0    9405  0.043   834  1136  2423 181  53 660 107   0   0  -1  -1.0  -1
 991.0    9377  0.043   834  1136  2423 180  53 660 107   0   0  -1  -1.0  -1
 992.0    9349  0.043   834  1136  2423 179  53 661 107   0   0  -1  -1.0  -1
 993.0    9321  0.042   834  1136  2422 178  53 662 107   0   0  -1  -1.0  -1
 994.0    9294  0.042   834  1136  2422 178  52 663 107   0   0  -1  -1.0  -1
 995.0    9266  0.042   834  1136  2422 177  52 663 107   0   0  -1  -1.0  -1
 996.0    9239  0.042   834  1136  2421 176  52 664 108   0   0  -1  -1.0  -1
 997.0    9212  0.042   834  1136  2421 176  52 665 108   0   0  -1  -1.0  -1
 998.0    9185  0.042   834  1136  2421 175  52 665 108   0   0  -1  -1.0  -1
 999.0    9158  0.042   834  1136  2420 174  52 666 108   0   0  -1  -1.0  -1
