Year Mon Day DOY hour Heit(km) Lat  Lon Oden(cm-3) N2den(cm-3) O2den(cm-3) air(gm/cm3) T(K) exoT(K) Heden(cm-3)Arden(cm-3) Hden(cm-3) Nden(cm-3) F107 F107a apdaily  ap0-3 ap3-6 ap6-9 ap9-12 ap12-33 ap33-59
2020 12  4 339  0.00    0.0   56.0   44.0  0.000E+00  2.091E+19  5.611E+18 1.287E-03  274.1  1027  1.403E+14  2.502E+17  0.000E+00  0.000E+00  102.9   84.8    0.2    0.0    2.0    2.0    6.0    1.9    2.8
2020 12  4 339  0.00   10.0   56.0   44.0  0.000E+00  6.504E+18  1.745E+18 4.002E-04  216.5  1027  4.365E+13  7.780E+16  0.000E+00  0.000E+00  102.9   84.8    0.2    0.0    2.0    2.0    6.0    1.9    2.8
2020 12  4 339  0.00   20.0   56.0   44.0  0.000E+00  1.370E+18  3.676E+17 8.430E-05  207.3  1027  9.195E+12  1.639E+16  0.000E+00  0.000E+00  102.9   84.8    0.2    0.0    2.0    2.0    6.0    1.9    2.8
2020 12  4 339  0.00   30.0   56.0   44.0  0.000E+00  2.598E+17  6.971E+16 1.599E-05  213.0  1027  1.744E+12  3.108E+15  0.000E+00  0.000E+00  102.9   84.8    0.2    0.0    2.0    2.0    6.0    1.9    2.8
2020 12  4 339  0.00   40.0   56.0   44.0  0.000E+00  5.120E+16  1.373E+16 3.150E-06  246.1  1027  3.436E+11  6.124E+14  0.000E+00  0.000E+00  102.9   84.8    0.2    0.0    2.0    2.0    6.0    1.9    2.8
2020 12  4 339  0.00   50.0   56.0   44.0  0.000E+00  1.309E+16  3.512E+15 8.054E-07  257.6  1027  8.784E+10  1.566E+14  0.000E+00  0.000E+00  102.9   84.8    0.2    0.0    2.0    2.0    6.0    1.9    2.8
2020 12  4 339  0.00   60.0   56.0   44.0  0.000E+00  3.639E+15  9.763E+14 2.239E-07  241.4  1027  2.442E+10  4.353E+13  0.000E+00  0.000E+00  102.9   84.8    0.2    0.0    2.0    2.0    6.0    1.9    2.8
2020 12  4 339  0.00   70.0   56.0   44.0  0.000E+00  9.221E+14  2.458E+14 5.665E-08  227.9  1027  6.285E+09  1.100E+13  0.000E+00  0.000E+00  102.9   84.8    0.2    0.0    2.0    2.0    6.0    1.9    2.8
2020 12  4 339  0.00   80.0   56.0   44.0  3.139E+09  2.143E+14  5.647E+13 1.313E-08  222.2  1027  1.527E+09  2.541E+12  2.152E+07  3.789E+04  102.9   84.8    0.2    0.0    2.0    2.0    6.0    1.9    2.8
2020 12  4 339  0.00   90.0   56.0   44.0  2.996E+11  4.953E+13  1.263E+13 3.019E-09  207.5  1027  4.223E+08  5.717E+11  7.231E+07  9.058E+04  102.9   84.8    0.2    0.0    2.0    2.0    6.0    1.9    2.8
2020 12  4 339  0.00  100.0   56.0   44.0  6.621E+11  1.011E+13  2.349E+12 6.190E-10  182.2  1027  1.653E+08  1.036E+11  2.735E+07  1.995E+05  102.9   84.8    0.2    0.0    2.0    2.0    6.0    1.9    2.8
2020 12  4 339  0.00  110.0   56.0   44.0  2.979E+11  1.561E+12  2.911E+11 9.664E-11  211.5  1027  1.150E+08  1.084E+10  1.339E+07  3.681E+05  102.9   84.8    0.2    0.0    2.0    2.0    6.0    1.9    2.8
2020 12  4 339  0.00  120.0   56.0   44.0  9.975E+10  2.804E+11  3.909E+10 1.783E-11  345.2  1027  1.000E+08  1.123E+09  6.471E+06  6.489E+05  102.9   84.8    0.2    0.0    2.0    2.0    6.0    1.9    2.8
2020 12  4 339  0.00  130.0   56.0   44.0  4.875E+10  9.584E+10  1.037E+10 6.318E-12  462.9   666  8.936E+07  2.518E+08  3.664E+06  1.401E+06  102.9   84.8    0.2    0.0    2.0    2.0    6.0    1.9    2.8
2020 12  4 339  0.00  140.0   56.0   44.0  2.934E+10  4.410E+10  3.961E+09 3.046E-12  532.0   666  7.882E+07  8.416E+07  2.337E+06  2.830E+06  102.9   84.8    0.2    0.0    2.0    2.0    6.0    1.9    2.8
2020 12  4 339  0.00  150.0   56.0   44.0  1.933E+10  2.299E+10  1.830E+09 1.682E-12  577.5   666  6.986E+07  3.369E+07  1.615E+06  4.731E+06  102.9   84.8    0.2    0.0    2.0    2.0    6.0    1.9    2.8
2020 12  4 339  0.00  160.0   56.0   44.0  1.345E+10  1.285E+10  9.435E+08 1.006E-12  607.5   666  6.287E+07  1.486E+07  1.207E+06  6.544E+06  102.9   84.8    0.2    0.0    2.0    2.0    6.0    1.9    2.8
2020 12  4 339  0.00  170.0   56.0   44.0  9.685E+09  7.479E+09  5.165E+08 6.333E-13  627.3   666  5.731E+07  6.925E+06  9.689E+05  7.696E+06  102.9   84.8    0.2    0.0    2.0    2.0    6.0    1.9    2.8
2020 12  4 339  0.00  180.0   56.0   44.0  7.131E+09  4.472E+09  2.921E+08 4.135E-13  640.5   666  5.271E+07  3.340E+06  8.253E+05  7.970E+06  102.9   84.8    0.2    0.0    2.0    2.0    6.0    1.9    2.8
2020 12  4 339  0.00  190.0   56.0   44.0  5.326E+09  2.719E+09  1.681E+08 2.774E-13  649.2   666  4.876E+07  1.648E+06  7.354E+05  7.511E+06  102.9   84.8    0.2    0.0    2.0    2.0    6.0    1.9    2.8
2020 12  4 339  0.00  200.0   56.0   44.0  4.016E+09  1.673E+09  9.779E+07 1.901E-13  654.9   666  4.529E+07  8.249E+05  6.770E+05  6.624E+06  102.9   84.8    0.2    0.0    2.0    2.0    6.0    1.9    2.8
2020 12  4 339  0.00  210.0   56.0   44.0  3.046E+09  1.037E+09  5.723E+07 1.326E-13  658.7   666  4.217E+07  4.173E+05  6.375E+05  5.584E+06  102.9   84.8    0.2    0.0    2.0    2.0    6.0    1.9    2.8
2020 12  4 339  0.00  220.0   56.0   44.0  2.321E+09  6.465E+08  3.363E+07 9.387E-14  661.3   666  3.935E+07  2.127E+05  6.094E+05  4.572E+06  102.9   84.8    0.2    0.0    2.0    2.0    6.0    1.9    2.8
2020 12  4 339  0.00  230.0   56.0   44.0  1.774E+09  4.047E+08  1.982E+07 6.732E-14  663.0   666  3.676E+07  1.090E+05  5.884E+05  3.675E+06  102.9   84.8    0.2    0.0    2.0    2.0    6.0    1.9    2.8
2020 12  4 339  0.00  240.0   56.0   44.0  1.359E+09  2.542E+08  1.170E+07 4.883E-14  664.1   666  3.437E+07  5.614E+04  5.719E+05  2.922E+06  102.9   84.8    0.2    0.0    2.0    2.0    6.0    1.9    2.8
2020 12  4 339  0.00  250.0   56.0   44.0  1.043E+09  1.601E+08  6.925E+06 3.578E-14  664.9   666  3.215E+07  2.901E+04  5.583E+05  2.310E+06  102.9   84.8    0.2    0.0    2.0    2.0    6.0    1.9    2.8
2020 12  4 339  0.00  260.0   56.0   44.0  8.014E+08  1.010E+08  4.104E+06 2.644E-14  665.4   666  3.010E+07  1.504E+04  5.466E+05  1.821E+06  102.9   84.8    0.2    0.0    2.0    2.0    6.0    1.9    2.8
2020 12  4 339  0.00  270.0   56.0   44.0  6.166E+08  6.390E+07  2.436E+06 1.970E-14  665.7   666  2.818E+07  7.813E+03  5.360E+05  1.435E+06  102.9   84.8    0.2    0.0    2.0    2.0    6.0    1.9    2.8
2020 12  4 339  0.00  280.0   56.0   44.0  4.749E+08  4.048E+07  1.448E+06 1.477E-14  665.9   666  2.640E+07  4.070E+03  5.263E+05  1.132E+06  102.9   84.8    0.2    0.0    2.0    2.0    6.0    1.9    2.8
2020 12  4 339  0.00  290.0   56.0   44.0  3.662E+08  2.568E+07  8.617E+05 1.115E-14  666.1   666  2.473E+07  2.125E+03  5.171E+05  8.934E+05  102.9   84.8    0.2    0.0    2.0    2.0    6.0    1.9    2.8
2020 12  4 339  0.00  300.0   56.0   44.0  2.826E+08  1.632E+07  5.136E+05 8.462E-15  666.2   666  2.318E+07  1.112E+03  5.083E+05  7.057E+05  102.9   84.8    0.2    0.0    2.0    2.0    6.0    1.9    2.8
2020 12  4 339  0.00  310.0   56.0   44.0  2.182E+08  1.039E+07  3.066E+05 6.453E-15  666.2   666  2.173E+07  5.830E+02  5.000E+05  5.591E+05  102.9   84.8    0.2    0.0    2.0    2.0    6.0    1.9    2.8
2020 12  4 339  0.00  320.0   56.0   44.0  1.687E+08  6.618E+06  1.833E+05 4.944E-15  666.3   666  2.038E+07  3.063E+02  4.918E+05  4.436E+05  102.9   84.8    0.2    0.0    2.0    2.0    6.0    1.9    2.8
2020 12  4 339  0.00  330.0   56.0   44.0  1.305E+08  4.224E+06  1.098E+05 3.804E-15  666.3   666  1.911E+07  1.613E+02  4.837E+05  3.526E+05  102.9   84.8    0.2    0.0    2.0    2.0    6.0    1.9    2.8
2020 12  4 339  0.00  340.0   56.0   44.0  1.010E+08  2.699E+06  6.581E+04 2.939E-15  666.3   666  1.792E+07  8.505E+01  4.761E+05  2.807E+05  102.9   84.8    0.2    0.0    2.0    2.0    6.0    1.9    2.8
2020 12  4 339  0.00  350.0   56.0   44.0  7.829E+07  1.727E+06  3.952E+04 2.279E-15  666.4   666  1.682E+07  4.495E+01  4.685E+05  2.237E+05  102.9   84.8    0.2    0.0    2.0    2.0    6.0    1.9    2.8
2020 12  4 339  0.00  360.0   56.0   44.0  6.071E+07  1.107E+06  2.377E+04 1.775E-15  666.4   666  1.578E+07  2.380E+01  4.611E+05  1.786E+05  102.9   84.8    0.2    0.0    2.0    2.0    6.0    1.9    2.8
2020 12  4 339  0.00  370.0   56.0   44.0  4.711E+07  7.101E+05  1.431E+04 1.387E-15  666.4   666  1.481E+07  1.263E+01  4.539E+05  1.427E+05  102.9   84.8    0.2    0.0    2.0    2.0    6.0    1.9    2.8
2020 12  4 339  0.00  380.0   56.0   44.0  3.659E+07  4.562E+05  8.634E+03 1.089E-15  666.4   666  1.390E+07  6.711E+00  4.468E+05  1.142E+05  102.9   84.8    0.2    0.0    2.0    2.0    6.0    1.9    2.8
2020 12  4 339  0.00  390.0   56.0   44.0  2.844E+07  2.935E+05  5.215E+03 8.587E-16  666.4   666  1.305E+07  3.574E+00  4.398E+05  9.142E+04  102.9   84.8    0.2    0.0    2.0    2.0    6.0    1.9    2.8
2020 12  4 339  0.00  400.0   56.0   44.0  2.212E+07  1.891E+05  3.155E+03 6.802E-16  666.4   666  1.226E+07  1.907E+00  4.329E+05  7.328E+04  102.9   84.8    0.2    0.0    2.0    2.0    6.0    1.9    2.8
2020 12  4 339  0.00  410.0   56.0   44.0  1.721E+07  1.219E+05  1.912E+03 5.415E-16  666.4   666  1.152E+07  1.019E+00  4.262E+05  5.879E+04  102.9   84.8    0.2    0.0    2.0    2.0    6.0    1.9    2.8
2020 12  4 339  0.00  420.0   56.0   44.0  1.341E+07  7.876E+04  1.160E+03 4.335E-16  666.4   666  1.082E+07  5.457E-01  4.196E+05  4.721E+04  102.9   84.8    0.2    0.0    2.0    2.0    6.0    1.9    2.8
2020 12  4 339  0.00  430.0   56.0   44.0  1.045E+07  5.093E+04  7.048E+02 3.491E-16  666.4   666  1.016E+07  2.928E-01  4.131E+05  3.794E+04  102.9   84.8    0.2    0.0    2.0    2.0    6.0    1.9    2.8
2020 12  4 339  0.00  440.0   56.0   44.0  8.153E+06  3.298E+04  4.289E+02 2.830E-16  666.4   666  9.553E+06  1.573E-01  4.067E+05  3.051E+04  102.9   84.8    0.2    0.0    2.0    2.0    6.0    1.9    2.8
2020 12  4 339  0.00  450.0   56.0   44.0  6.365E+06  2.138E+04  2.614E+02 2.310E-16  666.4   666  8.979E+06  8.472E-02  4.005E+05  2.456E+04  102.9   84.8    0.2    0.0    2.0    2.0    6.0    1.9    2.8
2020 12  4 339  0.00  460.0   56.0   44.0  4.972E+06  1.388E+04  1.595E+02 1.899E-16  666.4   666  8.442E+06  4.570E-02  3.944E+05  1.975E+04  102.9   84.8    0.2    0.0    2.0    2.0    6.0    1.9    2.8
2020 12  4 339  0.00  470.0   56.0   44.0  3.887E+06  9.021E+03  9.749E+01 1.575E-16  666.4   666  7.938E+06  2.469E-02  3.883E+05  1.593E+04  102.9   84.8    0.2    0.0    2.0    2.0    6.0    1.9    2.8
2020 12  4 339  0.00  480.0   56.0   44.0  3.041E+06  5.871E+03  5.967E+01 1.316E-16  666.4   666  7.466E+06  1.337E-02  3.824E+05  1.285E+04  102.9   84.8    0.2    0.0    2.0    2.0    6.0    1.9    2.8
2020 12  4 339  0.00  490.0   56.0   44.0  2.381E+06  3.825E+03  3.657E+01 1.110E-16  666.4   666  7.022E+06  7.250E-03  3.766E+05  1.037E+04  102.9   84.8    0.2    0.0    2.0    2.0    6.0    1.9    2.8
2020 12  4 339  0.00  500.0   56.0   44.0  1.865E+06  2.496E+03  2.245E+01 9.441E-17  666.4   666  6.607E+06  3.939E-03  3.709E+05  8.377E+03  102.9   84.8    0.2    0.0    2.0    2.0    6.0    1.9    2.8
2020 12  4 339  0.00  510.0   56.0   44.0  1.462E+06  1.630E+03  1.380E+01 8.104E-17  666.4   666  6.217E+06  2.144E-03  3.653E+05  6.771E+03  102.9   84.8    0.2    0.0    2.0    2.0    6.0    1.9    2.8
2020 12  4 339  0.00  520.0   56.0   44.0  1.147E+06  1.066E+03  8.493E+00 7.017E-17  666.4   666  5.851E+06  1.169E-03  3.598E+05  5.476E+03  102.9   84.8    0.2    0.0    2.0    2.0    6.0    1.9    2.8
2020 12  4 339  0.00  530.0   56.0   44.0  9.008E+05  6.983E+02  5.236E+00 6.130E-17  666.4   666  5.508E+06  6.384E-04  3.544E+05  4.431E+03  102.9   84.8    0.2    0.0    2.0    2.0    6.0    1.9    2.8
2020 12  4 339  0.00  540.0   56.0   44.0  7.078E+05  4.578E+02  3.232E+00 5.399E-17  666.4   666  5.185E+06  3.493E-04  3.491E+05  3.588E+03  102.9   84.8    0.2    0.0    2.0    2.0    6.0    1.9    2.8
2020 12  4 339  0.00  550.0   56.0   44.0  5.565E+05  3.005E+02  1.998E+00 4.793E-17  666.4   666  4.883E+06  1.915E-04  3.439E+05  2.907E+03  102.9   84.8    0.2    0.0    2.0    2.0    6.0    1.9    2.8
2020 12  4 339  0.00  560.0   56.0   44.0  4.378E+05  1.975E+02  1.237E+00 4.286E-17  666.4   666  4.599E+06  1.051E-04  3.388E+05  2.357E+03  102.9   84.8    0.2    0.0    2.0    2.0    6.0    1.9    2.8
2020 12  4 339  0.00  570.0   56.0   44.0  3.447E+05  1.300E+02  7.665E-01 3.860E-17  666.4   666  4.332E+06  5.782E-05  3.338E+05  1.912E+03  102.9   84.8    0.2    0.0    2.0    2.0    6.0    1.9    2.8
2020 12  4 339  0.00  580.0   56.0   44.0  2.716E+05  8.563E+01  4.758E-01 3.497E-17  666.4   666  4.081E+06  3.185E-05  3.288E+05  1.552E+03  102.9   84.8    0.2    0.0    2.0    2.0    6.0    1.9    2.8
2020 12  4 339  0.00  590.0   56.0   44.0  2.141E+05  5.649E+01  2.957E-01 3.186E-17  666.4   666  3.846E+06  1.758E-05  3.240E+05  1.260E+03  102.9   84.8    0.2    0.0    2.0    2.0    6.0    1.9    2.8
2020 12  4 339  0.00  600.0   56.0   44.0  1.689E+05  3.731E+01  1.841E-01 2.918E-17  666.4   666  3.624E+06  9.719E-06  3.192E+05  1.024E+03  102.9   84.8    0.2    0.0    2.0    2.0    6.0    1.9    2.8
2020 12  4 339  0.00  610.0   56.0   44.0  1.333E+05  2.467E+01  1.147E-01 2.684E-17  666.4   666  3.416E+06  5.382E-06  3.145E+05  8.328E+02  102.9   84.8    0.2    0.0    2.0    2.0    6.0    1.9    2.8
2020 12  4 339  0.00  620.0   56.0   44.0  1.053E+05  1.633E+01  7.160E-02 2.478E-17  666.4   666  3.221E+06  2.986E-06  3.099E+05  6.776E+02  102.9   84.8    0.2    0.0    2.0    2.0    6.0    1.9    2.8
2020 12  4 339  0.00  630.0   56.0   44.0  8.328E+04  1.082E+01  4.474E-02 2.296E-17  666.4   666  3.037E+06  1.659E-06  3.054E+05  5.516E+02  102.9   84.8    0.2    0.0    2.0    2.0    6.0    1.9    2.8
2020 12  4 339  0.00  640.0   56.0   44.0  6.588E+04  7.181E+00  2.800E-02 2.134E-17  666.4   666  2.864E+06  9.234E-07  3.010E+05  4.494E+02  102.9   84.8    0.2    0.0    2.0    2.0    6.0    1.9    2.8
2020 12  4 339  0.00  650.0   56.0   44.0  5.215E+04  4.771E+00  1.755E-02 1.989E-17  666.4   666  2.702E+06  5.148E-07  2.966E+05  3.663E+02  102.9   84.8    0.2    0.0    2.0    2.0    6.0    1.9    2.8
2020 12  4 339  0.00  660.0   56.0   44.0  4.131E+04  3.173E+00  1.101E-02 1.857E-17  666.4   666  2.549E+06  2.875E-07  2.923E+05  2.987E+02  102.9   84.8    0.2    0.0    2.0    2.0    6.0    1.9    2.8
2020 12  4 339  0.00  670.0   56.0   44.0  3.274E+04  2.113E+00  6.917E-03 1.738E-17  666.4   666  2.405E+06  1.608E-07  2.881E+05  2.437E+02  102.9   84.8    0.2    0.0    2.0    2.0    6.0    1.9    2.8
2020 12  4 339  0.00  680.0   56.0   44.0  2.597E+04  1.408E+00  4.352E-03 1.629E-17  666.4   666  2.269E+06  9.010E-08  2.840E+05  1.990E+02  102.9   84.8    0.2    0.0    2.0    2.0    6.0    1.9    2.8
2020 12  4 339  0.00  690.0   56.0   44.0  2.061E+04  9.400E-01  2.741E-03 1.530E-17  666.4   666  2.142E+06  5.057E-08  2.799E+05  1.626E+02  102.9   84.8    0.2    0.0    2.0    2.0    6.0    1.9    2.8
2020 12  4 339  0.00  700.0   56.0   44.0  1.637E+04  6.281E-01  1.729E-03 1.438E-17  666.4   666  2.022E+06  2.843E-08  2.759E+05  1.329E+02  102.9   84.8    0.2    0.0    2.0    2.0    6.0    1.9    2.8
2020 12  4 339  0.00  710.0   56.0   44.0  1.301E+04  4.201E-01  1.092E-03 1.353E-17  666.4   666  1.909E+06  1.600E-08  2.720E+05  1.087E+02  102.9   84.8    0.2    0.0    2.0    2.0    6.0    1.9    2.8
2020 12  4 339  0.00  720.0   56.0   44.0  1.035E+04  2.814E-01  6.907E-04 1.275E-17  666.4   666  1.803E+06  9.026E-09  2.681E+05  8.895E+01  102.9   84.8    0.2    0.0    2.0    2.0    6.0    1.9    2.8
2020 12  4 339  0.00  730.0   56.0   44.0  8.233E+03  1.886E-01  4.373E-04 1.202E-17  666.4   666  1.703E+06  5.099E-09  2.643E+05  7.283E+01  102.9   84.8    0.2    0.0    2.0    2.0    6.0    1.9    2.8
2020 12  4 339  0.00  740.0   56.0   44.0  6.556E+03  1.266E-01  2.773E-04 1.134E-17  666.4   666  1.609E+06  2.885E-09  2.606E+05  5.967E+01  102.9   84.8    0.2    0.0    2.0    2.0    6.0    1.9    2.8
2020 12  4 339  0.00  750.0   56.0   44.0  5.224E+03  8.508E-02  1.760E-04 1.070E-17  666.4   666  1.520E+06  1.635E-09  2.569E+05  4.891E+01  102.9   84.8    0.2    0.0    2.0    2.0    6.0    1.9    2.8
2020 12  4 339  0.00  760.0   56.0   44.0  4.165E+03  5.724E-02  1.119E-04 1.011E-17  666.4   666  1.436E+06  9.279E-10  2.533E+05  4.012E+01  102.9   84.8    0.2    0.0    2.0    2.0    6.0    1.9    2.8
2020 12  4 339  0.00  770.0   56.0   44.0  3.323E+03  3.855E-02  7.123E-05 9.559E-18  666.4   666  1.357E+06  5.275E-10  2.497E+05  3.292E+01  102.9   84.8    0.2    0.0    2.0    2.0    6.0    1.9    2.8
2020 12  4 339  0.00  780.0   56.0   44.0  2.652E+03  2.599E-02  4.539E-05 9.040E-18  666.4   666  1.283E+06  3.004E-10  2.462E+05  2.703E+01  102.9   84.8    0.2    0.0    2.0    2.0    6.0    1.9    2.8
2020 12  4 339  0.00  790.0   56.0   44.0  2.119E+03  1.754E-02  2.896E-05 8.554E-18  666.4   666  1.213E+06  1.713E-10  2.428E+05  2.221E+01  102.9   84.8    0.2    0.0    2.0    2.0    6.0    1.9    2.8
2020 12  4 339  0.00  800.0   56.0   44.0  1.694E+03  1.185E-02  1.850E-05 8.097E-18  666.4   666  1.147E+06  9.784E-11  2.394E+05  1.826E+01  102.9   84.8    0.2    0.0    2.0    2.0    6.0    1.9    2.8
2020 12  4 339  0.00  810.0   56.0   44.0  1.355E+03  8.017E-03  1.184E-05 7.667E-18  666.4   666  1.085E+06  5.597E-11  2.361E+05  1.501E+01  102.9   84.8    0.2    0.0    2.0    2.0    6.0    1.9    2.8
2020 12  4 339  0.00  820.0   56.0   44.0  1.084E+03  5.429E-03  7.581E-06 7.263E-18  666.4   666  1.026E+06  3.207E-11  2.328E+05  1.235E+01  102.9   84.8    0.2    0.0    2.0    2.0    6.0    1.9    2.8
2020 12  4 339  0.00  830.0   56.0   44.0  8.681E+02  3.680E-03  4.862E-06 6.883E-18  666.4   666  9.704E+05  1.840E-11  2.296E+05  1.017E+01  102.9   84.8    0.2    0.0    2.0    2.0    6.0    1.9    2.8
2020 12  4 339  0.00  840.0   56.0   44.0  6.956E+02  2.497E-03  3.122E-06 6.524E-18  666.4   666  9.181E+05  1.058E-11  2.265E+05  8.380E+00  102.9   84.8    0.2    0.0    2.0    2.0    6.0    1.9    2.8
2020 12  4 339  0.00  850.0   56.0   44.0  5.577E+02  1.697E-03  2.007E-06 6.187E-18  666.4   666  8.688E+05  6.089E-12  2.234E+05  6.907E+00  102.9   84.8    0.2    0.0    2.0    2.0    6.0    1.9    2.8
2020 12  4 339  0.00  860.0   56.0   44.0  4.474E+02  1.154E-03  1.292E-06 5.868E-18  666.4   666  8.222E+05  3.510E-12  2.203E+05  5.696E+00  102.9   84.8    0.2    0.0    2.0    2.0    6.0    1.9    2.8
2020 12  4 339  0.00  870.0   56.0   44.0  3.592E+02  7.856E-04  8.323E-07 5.568E-18  666.4   666  7.783E+05  2.027E-12  2.173E+05  4.700E+00  102.9   84.8    0.2    0.0    2.0    2.0    6.0    1.9    2.8
2020 12  4 339  0.00  880.0   56.0   44.0  2.885E+02  5.354E-04  5.370E-07 5.285E-18  666.4   666  7.368E+05  1.172E-12  2.143E+05  3.880E+00  102.9   84.8    0.2    0.0    2.0    2.0    6.0    1.9    2.8
2020 12  4 339  0.00  890.0   56.0   44.0  2.319E+02  3.653E-04  3.469E-07 5.017E-18  666.4   666  6.976E+05  6.787E-13  2.114E+05  3.205E+00  102.9   84.8    0.2    0.0    2.0    2.0    6.0    1.9    2.8
2020 12  4 339  0.00  900.0   56.0   44.0  1.865E+02  2.495E-04  2.244E-07 4.765E-18  666.4   666  6.606E+05  3.937E-13  2.086E+05  2.649E+00  102.9   84.8    0.2    0.0    2.0    2.0    6.0    1.9    2.8
2020 12  4 339  0.00  910.0   56.0   44.0  1.501E+02  1.706E-04  1.453E-07 4.526E-18  666.4   666  6.257E+05  2.287E-13  2.058E+05  2.190E+00  102.9   84.8    0.2    0.0    2.0    2.0    6.0    1.9    2.8
2020 12  4 339  0.00  920.0   56.0   44.0  1.208E+02  1.167E-04  9.419E-08 4.301E-18  666.4   666  5.927E+05  1.330E-13  2.030E+05  1.812E+00  102.9   84.8    0.2    0.0    2.0    2.0    6.0    1.9    2.8
2020 12  4 339  0.00  930.0   56.0   44.0  9.735E+01  7.997E-05  6.114E-08 4.088E-18  666.4   666  5.615E+05  7.750E-14  2.003E+05  1.500E+00  102.9   84.8    0.2    0.0    2.0    2.0    6.0    1.9    2.8
2020 12  4 339  0.00  940.0   56.0   44.0  7.848E+01  5.485E-05  3.973E-08 3.887E-18  666.4   666  5.321E+05  4.522E-14  1.976E+05  1.242E+00  102.9   84.8    0.2    0.0    2.0    2.0    6.0    1.9    2.8
2020 12  4 339  0.00  950.0   56.0   44.0  6.330E+01  3.766E-05  2.585E-08 3.696E-18  666.4   666  5.043E+05  2.642E-14  1.950E+05  1.029E+00  102.9   84.8    0.2    0.0    2.0    2.0    6.0    1.9    2.8
2020 12  4 339  0.00  960.0   56.0   44.0  5.109E+01  2.588E-05  1.684E-08 3.516E-18  666.4   666  4.779E+05  1.546E-14  1.924E+05  8.530E-01  102.9   84.8    0.2    0.0    2.0    2.0    6.0    1.9    2.8
2020 12  4 339  0.00  970.0   56.0   44.0  4.126E+01  1.780E-05  1.098E-08 3.346E-18  666.4   666  4.531E+05  9.062E-15  1.898E+05  7.075E-01  102.9   84.8    0.2    0.0    2.0    2.0    6.0    1.9    2.8
2020 12  4 339  0.00  980.0   56.0   44.0  3.334E+01  1.226E-05  7.170E-09 3.184E-18  666.4   666  4.296E+05  5.318E-15  1.873E+05  5.871E-01  102.9   84.8    0.2    0.0    2.0    2.0    6.0    1.9    2.8
2020 12  4 339  0.00  990.0   56.0   44.0  2.695E+01  8.451E-06  4.686E-09 3.032E-18  666.4   666  4.073E+05  3.126E-15  1.848E+05  4.875E-01  102.9   84.8    0.2    0.0    2.0    2.0    6.0    1.9    2.8
2020 12  4 339  0.00 1000.0   56.0   44.0  2.180E+01  5.832E-06  3.067E-09 2.887E-18  666.4   666  3.863E+05  1.840E-15  1.824E+05  4.049E-01  102.9   84.8    0.2    0.0    2.0    2.0    6.0    1.9    2.8