Year Mon Day DOY hour Heit(km) Lat  Lon Oden(cm-3) N2den(cm-3) O2den(cm-3) air(gm/cm3) T(K) exoT(K) Heden(cm-3)Arden(cm-3) Hden(cm-3) Nden(cm-3) F107 F107a apdaily  ap0-3 ap3-6 ap6-9 ap9-12 ap12-33 ap33-59
2020 12  4 339 12.00    0.0   56.0   44.0  0.000E+00  2.092E+19  5.613E+18 1.287E-03  274.1  1027  1.404E+14  2.503E+17  0.000E+00  0.000E+00  102.9   84.8    0.2    0.0    0.0    0.0    0.0    2.0    2.4
2020 12  4 339 12.00   10.0   56.0   44.0  0.000E+00  6.507E+18  1.746E+18 4.003E-04  216.5  1027  4.367E+13  7.783E+16  0.000E+00  0.000E+00  102.9   84.8    0.2    0.0    0.0    0.0    0.0    2.0    2.4
2020 12  4 339 12.00   20.0   56.0   44.0  0.000E+00  1.371E+18  3.677E+17 8.433E-05  207.3  1027  9.198E+12  1.640E+16  0.000E+00  0.000E+00  102.9   84.8    0.2    0.0    0.0    0.0    0.0    2.0    2.4
2020 12  4 339 12.00   30.0   56.0   44.0  0.000E+00  2.599E+17  6.973E+16 1.599E-05  213.0  1027  1.744E+12  3.109E+15  0.000E+00  0.000E+00  102.9   84.8    0.2    0.0    0.0    0.0    0.0    2.0    2.4
2020 12  4 339 12.00   40.0   56.0   44.0  0.000E+00  5.122E+16  1.374E+16 3.151E-06  246.1  1027  3.437E+11  6.126E+14  0.000E+00  0.000E+00  102.9   84.8    0.2    0.0    0.0    0.0    0.0    2.0    2.4
2020 12  4 339 12.00   50.0   56.0   44.0  0.000E+00  1.309E+16  3.512E+15 8.055E-07  257.7  1027  8.786E+10  1.566E+14  0.000E+00  0.000E+00  102.9   84.8    0.2    0.0    0.0    0.0    0.0    2.0    2.4
2020 12  4 339 12.00   60.0   56.0   44.0  0.000E+00  3.643E+15  9.774E+14 2.242E-07  241.2  1027  2.445E+10  4.358E+13  0.000E+00  0.000E+00  102.9   84.8    0.2    0.0    0.0    0.0    0.0    2.0    2.4
2020 12  4 339 12.00   70.0   56.0   44.0  0.000E+00  9.222E+14  2.455E+14 5.664E-08  227.2  1027  6.276E+09  1.101E+13  0.000E+00  0.000E+00  102.9   84.8    0.2    0.0    0.0    0.0    0.0    2.0    2.4
2020 12  4 339 12.00   80.0   56.0   44.0  2.946E+09  2.138E+14  5.611E+13 1.309E-08  220.7  1027  1.514E+09  2.536E+12  1.961E+07  5.390E+04  102.9   84.8    0.2    0.0    0.0    0.0    0.0    2.0    2.4
2020 12  4 339 12.00   90.0   56.0   44.0  2.782E+11  4.891E+13  1.237E+13 2.975E-09  204.9  1027  4.080E+08  5.653E+11  6.244E+07  1.369E+05  102.9   84.8    0.2    0.0    0.0    0.0    0.0    2.0    2.4
2020 12  4 339 12.00  100.0   56.0   44.0  5.997E+11  9.725E+12  2.222E+12 5.926E-10  181.7  1027  1.488E+08  9.999E+10  2.195E+07  3.182E+05  102.9   84.8    0.2    0.0    0.0    0.0    0.0    2.0    2.4
2020 12  4 339 12.00  110.0   56.0   44.0  2.662E+11  1.489E+12  2.693E+11 9.128E-11  216.7  1027  9.186E+07  1.047E+10  9.861E+06  6.294E+05  102.9   84.8    0.2    0.0    0.0    0.0    0.0    2.0    2.4
2020 12  4 339 12.00  120.0   56.0   44.0  9.099E+10  2.767E+11  3.683E+10 1.731E-11  353.0  1027  7.230E+07  1.156E+09  4.392E+06  1.233E+06  102.9   84.8    0.2    0.0    0.0    0.0    0.0    2.0    2.4
2020 12  4 339 12.00  130.0   56.0   44.0  4.454E+10  9.554E+10  9.700E+09 6.157E-12  476.9   819  6.137E+07  2.681E+08  2.262E+06  2.906E+06  102.9   84.8    0.2    0.0    0.0    0.0    0.0    2.0    2.4
2020 12  4 339 12.00  140.0   56.0   44.0  2.656E+10  4.406E+10  3.674E+09 2.955E-12  560.9   819  5.279E+07  9.127E+07  1.304E+06  6.317E+06  102.9   84.8    0.2    0.0    0.0    0.0    0.0    2.0    2.4
2020 12  4 339 12.00  150.0   56.0   44.0  1.742E+10  2.323E+10  1.711E+09 1.636E-12  624.1   819  4.614E+07  3.748E+07  8.224E+05  1.136E+07  102.9   84.8    0.2    0.0    0.0    0.0    0.0    2.0    2.4
2020 12  4 339 12.00  160.0   56.0   44.0  1.216E+10  1.327E+10  9.043E+08 9.897E-13  671.7   819  4.117E+07  1.718E+07  5.702E+05  1.689E+07  102.9   84.8    0.2    0.0    0.0    0.0    0.0    2.0    2.4
2020 12  4 339 12.00  170.0   56.0   44.0  8.847E+09  7.988E+09  5.147E+08 6.349E-13  707.6   819  3.734E+07  8.445E+06  4.321E+05  2.133E+07  102.9   84.8    0.2    0.0    0.0    0.0    0.0    2.0    2.4
2020 12  4 339 12.00  180.0   56.0   44.0  6.627E+09  4.986E+09  3.061E+08 4.251E-13  734.6   819  3.428E+07  4.350E+06  3.529E+05  2.366E+07  102.9   84.8    0.2    0.0    0.0    0.0    0.0    2.0    2.4
2020 12  4 339 12.00  190.0   56.0   44.0  5.065E+09  3.191E+09  1.871E+08 2.937E-13  755.0   819  3.173E+07  2.317E+06  3.053E+05  2.383E+07  102.9   84.8    0.2    0.0    0.0    0.0    0.0    2.0    2.4
2020 12  4 339 12.00  200.0   56.0   44.0  3.928E+09  2.080E+09  1.165E+08 2.080E-13  770.4   819  2.955E+07  1.264E+06  2.754E+05  2.238E+07  102.9   84.8    0.2    0.0    0.0    0.0    0.0    2.0    2.4
2020 12  4 339 12.00  210.0   56.0   44.0  3.077E+09  1.374E+09  7.339E+07 1.502E-13  782.1   819  2.764E+07  7.018E+05  2.558E+05  2.003E+07  102.9   84.8    0.2    0.0    0.0    0.0    0.0    2.0    2.4
2020 12  4 339 12.00  220.0   56.0   44.0  2.430E+09  9.169E+08  4.666E+07 1.102E-13  790.9   819  2.595E+07  3.950E+05  2.425E+05  1.735E+07  102.9   84.8    0.2    0.0    0.0    0.0    0.0    2.0    2.4
2020 12  4 339 12.00  230.0   56.0   44.0  1.930E+09  6.167E+08  2.987E+07 8.202E-14  797.6   819  2.442E+07  2.247E+05  2.329E+05  1.472E+07  102.9   84.8    0.2    0.0    0.0    0.0    0.0    2.0    2.4
2020 12  4 339 12.00  240.0   56.0   44.0  1.539E+09  4.173E+08  1.922E+07 6.175E-14  802.7   819  2.303E+07  1.288E+05  2.257E+05  1.233E+07  102.9   84.8    0.2    0.0    0.0    0.0    0.0    2.0    2.4
2020 12  4 339 12.00  250.0   56.0   44.0  1.232E+09  2.838E+08  1.242E+07 4.697E-14  806.5   819  2.174E+07  7.435E+04  2.201E+05  1.025E+07  102.9   84.8    0.2    0.0    0.0    0.0    0.0    2.0    2.4
2020 12  4 339 12.00  260.0   56.0   44.0  9.891E+08  1.937E+08  8.053E+06 3.604E-14  809.5   819  2.055E+07  4.313E+04  2.154E+05  8.482E+06  102.9   84.8    0.2    0.0    0.0    0.0    0.0    2.0    2.4
2020 12  4 339 12.00  270.0   56.0   44.0  7.957E+08  1.327E+08  5.237E+06 2.787E-14  811.7   819  1.945E+07  2.513E+04  2.115E+05  7.006E+06  102.9   84.8    0.2    0.0    0.0    0.0    0.0    2.0    2.4
2020 12  4 339 12.00  280.0   56.0   44.0  6.413E+08  9.109E+07  3.414E+06 2.171E-14  813.4   819  1.841E+07  1.470E+04  2.079E+05  5.784E+06  102.9   84.8    0.2    0.0    0.0    0.0    0.0    2.0    2.4
2020 12  4 339 12.00  290.0   56.0   44.0  5.177E+08  6.269E+07  2.231E+06 1.701E-14  814.7   819  1.744E+07  8.622E+03  2.047E+05  4.777E+06  102.9   84.8    0.2    0.0    0.0    0.0    0.0    2.0    2.4
2020 12  4 339 12.00  300.0   56.0   44.0  4.184E+08  4.323E+07  1.460E+06 1.340E-14  815.6   819  1.653E+07  5.072E+03  2.016E+05  3.945E+06  102.9   84.8    0.2    0.0    0.0    0.0    0.0    2.0    2.4
2020 12  4 339 12.00  310.0   56.0   44.0  3.386E+08  2.987E+07  9.576E+05 1.061E-14  816.4   819  1.567E+07  2.991E+03  1.988E+05  3.265E+06  102.9   84.8    0.2    0.0    0.0    0.0    0.0    2.0    2.4
2020 12  4 339 12.00  320.0   56.0   44.0  2.743E+08  2.067E+07  6.291E+05 8.440E-15  816.9   819  1.487E+07  1.768E+03  1.960E+05  2.705E+06  102.9   84.8    0.2    0.0    0.0    0.0    0.0    2.0    2.4
2020 12  4 339 12.00  330.0   56.0   44.0  2.224E+08  1.432E+07  4.139E+05 6.740E-15  817.4   819  1.410E+07  1.047E+03  1.933E+05  2.244E+06  102.9   84.8    0.2    0.0    0.0    0.0    0.0    2.0    2.4
2020 12  4 339 12.00  340.0   56.0   44.0  1.804E+08  9.940E+06  2.727E+05 5.401E-15  817.7   819  1.338E+07  6.214E+02  1.907E+05  1.864E+06  102.9   84.8    0.2    0.0    0.0    0.0    0.0    2.0    2.4
2020 12  4 339 12.00  350.0   56.0   44.0  1.465E+08  6.907E+06  1.799E+05 4.343E-15  818.0   819  1.270E+07  3.695E+02  1.882E+05  1.550E+06  102.9   84.8    0.2    0.0    0.0    0.0    0.0    2.0    2.4
2020 12  4 339 12.00  360.0   56.0   44.0  1.191E+08  4.805E+06  1.189E+05 3.503E-15  818.2   819  1.206E+07  2.201E+02  1.858E+05  1.290E+06  102.9   84.8    0.2    0.0    0.0    0.0    0.0    2.0    2.4
2020 12  4 339 12.00  370.0   56.0   44.0  9.684E+07  3.347E+06  7.866E+04 2.833E-15  818.3   819  1.145E+07  1.313E+02  1.834E+05  1.075E+06  102.9   84.8    0.2    0.0    0.0    0.0    0.0    2.0    2.4
2020 12  4 339 12.00  380.0   56.0   44.0  7.882E+07  2.334E+06  5.211E+04 2.298E-15  818.4   819  1.088E+07  7.847E+01  1.810E+05  8.961E+05  102.9   84.8    0.2    0.0    0.0    0.0    0.0    2.0    2.4
2020 12  4 339 12.00  390.0   56.0   44.0  6.419E+07  1.630E+06  3.456E+04 1.869E-15  818.5   819  1.033E+07  4.697E+01  1.787E+05  7.478E+05  102.9   84.8    0.2    0.0    0.0    0.0    0.0    2.0    2.4
2020 12  4 339 12.00  400.0   56.0   44.0  5.231E+07  1.139E+06  2.296E+04 1.523E-15  818.6   819  9.816E+06  2.816E+01  1.764E+05  6.246E+05  102.9   84.8    0.2    0.0    0.0    0.0    0.0    2.0    2.4
2020 12  4 339 12.00  410.0   56.0   44.0  4.265E+07  7.972E+05  1.527E+04 1.245E-15  818.6   819  9.328E+06  1.691E+01  1.742E+05  5.221E+05  102.9   84.8    0.2    0.0    0.0    0.0    0.0    2.0    2.4
2020 12  4 339 12.00  420.0   56.0   44.0  3.480E+07  5.585E+05  1.016E+04 1.020E-15  818.7   819  8.865E+06  1.017E+01  1.720E+05  4.367E+05  102.9   84.8    0.2    0.0    0.0    0.0    0.0    2.0    2.4
2020 12  4 339 12.00  430.0   56.0   44.0  2.841E+07  3.917E+05  6.776E+03 8.380E-16  818.7   819  8.427E+06  6.126E+00  1.698E+05  3.655E+05  102.9   84.8    0.2    0.0    0.0    0.0    0.0    2.0    2.4
2020 12  4 339 12.00  440.0   56.0   44.0  2.321E+07  2.749E+05  4.522E+03 6.902E-16  818.7   819  8.012E+06  3.695E+00  1.677E+05  3.061E+05  102.9   84.8    0.2    0.0    0.0    0.0    0.0    2.0    2.4
2020 12  4 339 12.00  450.0   56.0   44.0  1.897E+07  1.932E+05  3.022E+03 5.700E-16  818.7   819  7.618E+06  2.233E+00  1.656E+05  2.565E+05  102.9   84.8    0.2    0.0    0.0    0.0    0.0    2.0    2.4
2020 12  4 339 12.00  460.0   56.0   44.0  1.552E+07  1.359E+05  2.022E+03 4.721E-16  818.8   819  7.244E+06  1.351E+00  1.635E+05  2.149E+05  102.9   84.8    0.2    0.0    0.0    0.0    0.0    2.0    2.4
2020 12  4 339 12.00  470.0   56.0   44.0  1.270E+07  9.573E+04  1.354E+03 3.922E-16  818.8   819  6.890E+06  8.186E-01  1.615E+05  1.803E+05  102.9   84.8    0.2    0.0    0.0    0.0    0.0    2.0    2.4
2020 12  4 339 12.00  480.0   56.0   44.0  1.040E+07  6.748E+04  9.082E+02 3.268E-16  818.8   819  6.555E+06  4.968E-01  1.595E+05  1.514E+05  102.9   84.8    0.2    0.0    0.0    0.0    0.0    2.0    2.4
2020 12  4 339 12.00  490.0   56.0   44.0  8.523E+06  4.762E+04  6.097E+02 2.733E-16  818.8   819  6.236E+06  3.019E-01  1.575E+05  1.272E+05  102.9   84.8    0.2    0.0    0.0    0.0    0.0    2.0    2.4
2020 12  4 339 12.00  500.0   56.0   44.0  6.988E+06  3.364E+04  4.099E+02 2.294E-16  818.8   819  5.934E+06  1.838E-01  1.555E+05  1.069E+05  102.9   84.8    0.2    0.0    0.0    0.0    0.0    2.0    2.4
2020 12  4 339 12.00  510.0   56.0   44.0  5.732E+06  2.379E+04  2.758E+02 1.933E-16  818.8   819  5.647E+06  1.120E-01  1.536E+05  8.989E+04  102.9   84.8    0.2    0.0    0.0    0.0    0.0    2.0    2.4
2020 12  4 339 12.00  520.0   56.0   44.0  4.705E+06  1.684E+04  1.858E+02 1.635E-16  818.8   819  5.375E+06  6.836E-02  1.517E+05  7.562E+04  102.9   84.8    0.2    0.0    0.0    0.0    0.0    2.0    2.4
2020 12  4 339 12.00  530.0   56.0   44.0  3.864E+06  1.193E+04  1.253E+02 1.390E-16  818.8   819  5.117E+06  4.179E-02  1.499E+05  6.366E+04  102.9   84.8    0.2    0.0    0.0    0.0    0.0    2.0    2.4
2020 12  4 339 12.00  540.0   56.0   44.0  3.175E+06  8.461E+03  8.464E+01 1.187E-16  818.8   819  4.872E+06  2.558E-02  1.481E+05  5.361E+04  102.9   84.8    0.2    0.0    0.0    0.0    0.0    2.0    2.4
2020 12  4 339 12.00  550.0   56.0   44.0  2.611E+06  6.007E+03  5.722E+01 1.018E-16  818.8   819  4.639E+06  1.568E-02  1.463E+05  4.517E+04  102.9   84.8    0.2    0.0    0.0    0.0    0.0    2.0    2.4
2020 12  4 339 12.00  560.0   56.0   44.0  2.148E+06  4.269E+03  3.873E+01 8.779E-17  818.8   819  4.419E+06  9.626E-03  1.445E+05  3.808E+04  102.9   84.8    0.2    0.0    0.0    0.0    0.0    2.0    2.4
2020 12  4 339 12.00  570.0   56.0   44.0  1.768E+06  3.037E+03  2.624E+01 7.611E-17  818.8   819  4.209E+06  5.918E-03  1.427E+05  3.212E+04  102.9   84.8    0.2    0.0    0.0    0.0    0.0    2.0    2.4
2020 12  4 339 12.00  580.0   56.0   44.0  1.456E+06  2.162E+03  1.780E+01 6.634E-17  818.8   819  4.009E+06  3.643E-03  1.410E+05  2.710E+04  102.9   84.8    0.2    0.0    0.0    0.0    0.0    2.0    2.4
2020 12  4 339 12.00  590.0   56.0   44.0  1.200E+06  1.541E+03  1.209E+01 5.815E-17  818.8   819  3.820E+06  2.246E-03  1.393E+05  2.288E+04  102.9   84.8    0.2    0.0    0.0    0.0    0.0    2.0    2.4
2020 12  4 339 12.00  600.0   56.0   44.0  9.894E+05  1.100E+03  8.218E+00 5.125E-17  818.8   819  3.640E+06  1.386E-03  1.376E+05  1.933E+04  102.9   84.8    0.2    0.0    0.0    0.0    0.0    2.0    2.4
2020 12  4 339 12.00  610.0   56.0   44.0  8.163E+05  7.852E+02  5.593E+00 4.543E-17  818.8   819  3.469E+06  8.570E-04  1.360E+05  1.633E+04  102.9   84.8    0.2    0.0    0.0    0.0    0.0    2.0    2.4
2020 12  4 339 12.00  620.0   56.0   44.0  6.738E+05  5.613E+02  3.811E+00 4.049E-17  818.8   819  3.307E+06  5.305E-04  1.344E+05  1.381E+04  102.9   84.8    0.2    0.0    0.0    0.0    0.0    2.0    2.4
2020 12  4 339 12.00  630.0   56.0   44.0  5.565E+05  4.016E+02  2.599E+00 3.629E-17  818.8   819  3.152E+06  3.289E-04  1.328E+05  1.168E+04  102.9   84.8    0.2    0.0    0.0    0.0    0.0    2.0    2.4
2020 12  4 339 12.00  640.0   56.0   44.0  4.598E+05  2.876E+02  1.775E+00 3.270E-17  818.8   819  3.006E+06  2.041E-04  1.312E+05  9.884E+03  102.9   84.8    0.2    0.0    0.0    0.0    0.0    2.0    2.4
2020 12  4 339 12.00  650.0   56.0   44.0  3.802E+05  2.062E+02  1.213E+00 2.961E-17  818.8   819  2.866E+06  1.269E-04  1.297E+05  8.369E+03  102.9   84.8    0.2    0.0    0.0    0.0    0.0    2.0    2.4
2020 12  4 339 12.00  660.0   56.0   44.0  3.145E+05  1.480E+02  8.303E-01 2.695E-17  818.8   819  2.733E+06  7.898E-05  1.281E+05  7.089E+03  102.9   84.8    0.2    0.0    0.0    0.0    0.0    2.0    2.4
2020 12  4 339 12.00  670.0   56.0   44.0  2.603E+05  1.063E+02  5.688E-01 2.464E-17  818.8   819  2.607E+06  4.922E-05  1.266E+05  6.008E+03  102.9   84.8    0.2    0.0    0.0    0.0    0.0    2.0    2.4
2020 12  4 339 12.00  680.0   56.0   44.0  2.156E+05  7.640E+01  3.901E-01 2.263E-17  818.8   819  2.487E+06  3.072E-05  1.251E+05  5.094E+03  102.9   84.8    0.2    0.0    0.0    0.0    0.0    2.0    2.4
2020 12  4 339 12.00  690.0   56.0   44.0  1.786E+05  5.497E+01  2.678E-01 2.086E-17  818.8   819  2.373E+06  1.920E-05  1.237E+05  4.321E+03  102.9   84.8    0.2    0.0    0.0    0.0    0.0    2.0    2.4
2020 12  4 339 12.00  700.0   56.0   44.0  1.481E+05  3.959E+01  1.841E-01 1.931E-17  818.8   819  2.264E+06  1.201E-05  1.222E+05  3.667E+03  102.9   84.8    0.2    0.0    0.0    0.0    0.0    2.0    2.4
2020 12  4 339 12.00  710.0   56.0   44.0  1.228E+05  2.854E+01  1.266E-01 1.794E-17  818.8   819  2.161E+06  7.527E-06  1.208E+05  3.114E+03  102.9   84.8    0.2    0.0    0.0    0.0    0.0    2.0    2.4
2020 12  4 339 12.00  720.0   56.0   44.0  1.019E+05  2.060E+01  8.722E-02 1.671E-17  818.8   819  2.062E+06  4.723E-06  1.194E+05  2.645E+03  102.9   84.8    0.2    0.0    0.0    0.0    0.0    2.0    2.4
2020 12  4 339 12.00  730.0   56.0   44.0  8.464E+04  1.488E+01  6.013E-02 1.562E-17  818.8   819  1.969E+06  2.967E-06  1.180E+05  2.248E+03  102.9   84.8    0.2    0.0    0.0    0.0    0.0    2.0    2.4
2020 12  4 339 12.00  740.0   56.0   44.0  7.031E+04  1.075E+01  4.150E-02 1.463E-17  818.8   819  1.879E+06  1.866E-06  1.167E+05  1.911E+03  102.9   84.8    0.2    0.0    0.0    0.0    0.0    2.0    2.4
2020 12  4 339 12.00  750.0   56.0   44.0  5.844E+04  7.782E+00  2.867E-02 1.374E-17  818.8   819  1.795E+06  1.176E-06  1.153E+05  1.626E+03  102.9   84.8    0.2    0.0    0.0    0.0    0.0    2.0    2.4
2020 12  4 339 12.00  760.0   56.0   44.0  4.860E+04  5.636E+00  1.983E-02 1.294E-17  818.8   819  1.714E+06  7.415E-07  1.140E+05  1.384E+03  102.9   84.8    0.2    0.0    0.0    0.0    0.0    2.0    2.4
2020 12  4 339 12.00  770.0   56.0   44.0  4.044E+04  4.085E+00  1.373E-02 1.220E-17  818.8   819  1.637E+06  4.683E-07  1.127E+05  1.178E+03  102.9   84.8    0.2    0.0    0.0    0.0    0.0    2.0    2.4
2020 12  4 339 12.00  780.0   56.0   44.0  3.367E+04  2.964E+00  9.515E-03 1.153E-17  818.8   819  1.563E+06  2.961E-07  1.114E+05  1.003E+03  102.9   84.8    0.2    0.0    0.0    0.0    0.0    2.0    2.4
2020 12  4 339 12.00  790.0   56.0   44.0  2.804E+04  2.152E+00  6.601E-03 1.091E-17  818.8   819  1.494E+06  1.875E-07  1.102E+05  8.551E+02  102.9   84.8    0.2    0.0    0.0    0.0    0.0    2.0    2.4
2020 12  4 339 12.00  800.0   56.0   44.0  2.337E+04  1.564E+00  4.584E-03 1.033E-17  818.8   819  1.427E+06  1.188E-07  1.089E+05  7.290E+02  102.9   84.8    0.2    0.0    0.0    0.0    0.0    2.0    2.4
2020 12  4 339 12.00  810.0   56.0   44.0  1.948E+04  1.138E+00  3.187E-03 9.802E-18  818.8   819  1.364E+06  7.544E-08  1.077E+05  6.218E+02  102.9   84.8    0.2    0.0    0.0    0.0    0.0    2.0    2.4
2020 12  4 339 12.00  820.0   56.0   44.0  1.625E+04  8.287E-01  2.217E-03 9.310E-18  818.8   819  1.303E+06  4.795E-08  1.065E+05  5.306E+02  102.9   84.8    0.2    0.0    0.0    0.0    0.0    2.0    2.4
2020 12  4 339 12.00  830.0   56.0   44.0  1.356E+04  6.040E-01  1.545E-03 8.851E-18  818.8   819  1.246E+06  3.051E-08  1.053E+05  4.529E+02  102.9   84.8    0.2    0.0    0.0    0.0    0.0    2.0    2.4
2020 12  4 339 12.00  840.0   56.0   44.0  1.133E+04  4.405E-01  1.077E-03 8.422E-18  818.8   819  1.191E+06  1.944E-08  1.041E+05  3.868E+02  102.9   84.8    0.2    0.0    0.0    0.0    0.0    2.0    2.4
2020 12  4 339 12.00  850.0   56.0   44.0  9.463E+03  3.216E-01  7.517E-04 8.021E-18  818.8   819  1.138E+06  1.240E-08  1.029E+05  3.305E+02  102.9   84.8    0.2    0.0    0.0    0.0    0.0    2.0    2.4
2020 12  4 339 12.00  860.0   56.0   44.0  7.910E+03  2.350E-01  5.252E-04 7.644E-18  818.8   819  1.088E+06  7.922E-09  1.018E+05  2.825E+02  102.9   84.8    0.2    0.0    0.0    0.0    0.0    2.0    2.4
2020 12  4 339 12.00  870.0   56.0   44.0  6.615E+03  1.719E-01  3.673E-04 7.290E-18  818.8   819  1.041E+06  5.067E-09  1.007E+05  2.416E+02  102.9   84.8    0.2    0.0    0.0    0.0    0.0    2.0    2.4
2020 12  4 339 12.00  880.0   56.0   44.0  5.535E+03  1.258E-01  2.571E-04 6.956E-18  818.8   819  9.955E+05  3.244E-09  9.954E+04  2.067E+02  102.9   84.8    0.2    0.0    0.0    0.0    0.0    2.0    2.4
2020 12  4 339 12.00  890.0   56.0   44.0  4.633E+03  9.215E-02  1.802E-04 6.641E-18  818.8   819  9.522E+05  2.080E-09  9.844E+04  1.769E+02  102.9   84.8    0.2    0.0    0.0    0.0    0.0    2.0    2.4
2020 12  4 339 12.00  900.0   56.0   44.0  3.880E+03  6.757E-02  1.264E-04 6.344E-18  818.8   819  9.109E+05  1.335E-09  9.736E+04  1.515E+02  102.9   84.8    0.2    0.0    0.0    0.0    0.0    2.0    2.4
2020 12  4 339 12.00  910.0   56.0   44.0  3.251E+03  4.958E-02  8.873E-05 6.062E-18  818.8   819  8.715E+05  8.581E-10  9.629E+04  1.298E+02  102.9   84.8    0.2    0.0    0.0    0.0    0.0    2.0    2.4
2020 12  4 339 12.00  920.0   56.0   44.0  2.726E+03  3.642E-02  6.236E-05 5.796E-18  818.8   819  8.339E+05  5.522E-10  9.523E+04  1.112E+02  102.9   84.8    0.2    0.0    0.0    0.0    0.0    2.0    2.4
2020 12  4 339 12.00  930.0   56.0   44.0  2.286E+03  2.677E-02  4.387E-05 5.543E-18  818.8   819  7.981E+05  3.557E-10  9.419E+04  9.536E+01  102.9   84.8    0.2    0.0    0.0    0.0    0.0    2.0    2.4
2020 12  4 339 12.00  940.0   56.0   44.0  1.918E+03  1.970E-02  3.089E-05 5.303E-18  818.8   819  7.638E+05  2.295E-10  9.316E+04  8.179E+01  102.9   84.8    0.2    0.0    0.0    0.0    0.0    2.0    2.4
2020 12  4 339 12.00  950.0   56.0   44.0  1.610E+03  1.450E-02  2.177E-05 5.075E-18  818.8   819  7.312E+05  1.482E-10  9.215E+04  7.018E+01  102.9   84.8    0.2    0.0    0.0    0.0    0.0    2.0    2.4
2020 12  4 339 12.00  960.0   56.0   44.0  1.353E+03  1.069E-02  1.536E-05 4.858E-18  818.8   819  7.000E+05  9.581E-11  9.115E+04  6.025E+01  102.9   84.8    0.2    0.0    0.0    0.0    0.0    2.0    2.4
2020 12  4 339 12.00  970.0   56.0   44.0  1.137E+03  7.882E-03  1.085E-05 4.652E-18  818.8   819  6.702E+05  6.202E-11  9.017E+04  5.174E+01  102.9   84.8    0.2    0.0    0.0    0.0    0.0    2.0    2.4
2020 12  4 339 12.00  980.0   56.0   44.0  9.557E+02  5.818E-03  7.666E-06 4.456E-18  818.8   819  6.417E+05  4.020E-11  8.919E+04  4.446E+01  102.9   84.8    0.2    0.0    0.0    0.0    0.0    2.0    2.4
2020 12  4 339 12.00  990.0   56.0   44.0  8.038E+02  4.298E-03  5.424E-06 4.269E-18  818.8   819  6.146E+05  2.608E-11  8.823E+04  3.821E+01  102.9   84.8    0.2    0.0    0.0    0.0    0.0    2.0    2.4
2020 12  4 339 12.00 1000.0   56.0   44.0  6.764E+02  3.178E-03  3.841E-06 4.091E-18  818.8   819  5.886E+05  1.694E-11  8.729E+04  3.286E+01  102.9   84.8    0.2    0.0    0.0    0.0    0.0    2.0    2.4